-4.854752   -3.526498   3.759075    3.297693   -3.468796   3.720172 
3.302250   0.432942   4.008277    -4.825558   0.367949   4.039668 
-4.822157   0.015492   3.731526    3.160392   0.082293   3.717344 
3.354101   -3.479984   4.028528    -4.751387   -3.537341   4.066867 
-4.521223   -3.604092   3.742672    3.244451   -3.585706   3.698326 
-4.388086   -3.561920   3.571602    3.214566   -3.505342   3.519865 
-4.843549   0.372079   3.733006    3.160696   0.436142   3.697897 
-4.862740   4.170383   3.533344    3.174313   4.210971   3.479559 
2.730641   4.206890   3.617956    -4.838049   4.169096   3.637088 
-4.820682   -3.540006   3.576405    -4.877769   3.939416   3.533808 
3.040596   0.087379   3.909375    -4.922268   0.025223   4.064651 
-0.890754   0.015597   4.041013    3.303528   0.037838   4.023009 
3.203477   -0.248920   2.380082    3.154698   3.944136   2.344095 
3.290537   4.326182   3.706238    3.329376   0.595145   3.712405 
3.219482   4.147065   3.469785    3.286278   -3.341207   3.526451 
3.332163   0.599229   4.010986    3.293815   4.247759   3.966136 
3.322955   0.042833   4.022892    3.325151   -3.448621   4.046372 
1.342784   -3.571462   3.514933    1.424992   -3.568299   0.047938 
-4.874500   4.136471   3.646384    -4.847692   0.688629   3.677734 
3.331628   -0.004143   3.704708    3.364481   -3.392786   3.758093 
0.873361   -2.073186   0.705904    -2.145242   -2.781064   0.722270 
-3.419249   -3.613665   0.023409    -0.383276   -3.543932   0.014082 
3.270271   3.682716   2.389650    3.309329   -0.257925   2.434514 
3.215152   4.167066   3.601737    3.247342   0.929469   3.626981 
-4.843199   0.072120   3.676174    -4.818207   -3.241075   3.687994 
-5.046627   3.171827   0.509547    -5.028866   2.969310   3.320735 
3.302228   1.745353   4.006479    0.013788   1.716164   4.026956 
-4.964305   1.202965   0.605333    -4.891339   1.276799   3.227576 
-5.011458   1.280754   3.517081    -5.025364   1.028762   0.911814 
-4.706485   -2.629385   4.075052    -1.606086   -2.604437   4.061686 
-2.049160   0.289518   3.462760    2.973854   0.324060   3.435960 
-0.142408   -2.375904   3.854998    -4.614995   -2.400848   3.889775 
-2.119067   -2.584841   3.900773    -4.602423   -2.600130   3.919229 
-2.469948   -2.339398   3.889618    2.973920   -2.294863   3.879175 
2.795142   0.374053   3.458678    -4.585640   0.334221   3.498492 
0.359974   2.770844   3.839939    -4.665389   2.719438   3.867380 
2.996574   3.038590   3.991881    0.561643   3.016194   4.002319 
-4.588370   0.120370   3.480349    0.399438   0.180500   3.442383 
1.293706   -3.591219   1.057618    1.306331   -3.578531   3.486416 
2.885410   2.984072   3.799548    -0.341807   2.956980   3.814110 
-0.864737   2.802638   3.821129    2.914290   2.845340   3.799414 
2.927947   2.785739   3.823793    0.514652   2.762067   3.836187 
-0.581889   3.010273   3.838095    2.847211   3.045614   3.825336 
-2.293998   2.999303   3.853730    -4.657906   2.976335   3.865617 
0.346695   4.348840   3.523101    -2.697865   4.330622   3.531533 
-2.151704   0.085336   3.489222    -4.609735   0.062663   3.504969 
3.308091   -0.252851   2.397487    3.290667   -0.278710   0.103050 
-2.000159   4.263772   0.309324    0.293966   4.278537   0.303773 
0.320764   4.278592   0.165074    -1.960271   4.263914   0.173975 
-4.772556   -2.280919   0.537845    -4.896260   -2.214565   3.388209 
-4.799431   1.320398   3.141731    -4.882485   1.261440   0.884342 
3.192386   -0.254755   0.103224    3.203448   -0.256179   2.357068 
-4.866801   -1.352708   2.933427    -4.815899   -1.308110   0.686553 
0.243027   4.346525   1.047385    0.428622   4.349160   3.274335 
-3.227067   4.212981   0.883471    -2.910372   4.177099   3.402754 
1.548647   -3.523374   2.206532    1.539641   -3.535484   0.018949 
-1.942556   4.329478   3.997248    0.232589   4.349772   3.987921 
-2.451749   4.162197   3.402716    -2.512424   4.190608   0.766815 
0.305923   4.364517   3.723935    -3.740685   4.339531   3.722295 
2.976738   0.128194   3.460211    0.510636   0.106927   3.473808 
-5.034884   1.451443   0.620003    -4.905831   1.408284   3.192198 
2.508005   -3.537600   0.037733    2.528734   -3.525820   2.170783 
-4.803248   -2.139880   0.932399    -4.882040   -2.065722   3.298808 
-4.990140   -2.142947   3.569885    -5.010763   1.224700   3.576392 
0.777221   -2.735611   4.052422    2.882864   -2.728475   4.043410 
0.258402   -3.550618   0.012284    2.358774   -3.505516   0.005857 
-4.824512   -0.927709   3.075014    -4.934290   -0.834862   0.211986 
-4.903369   1.742817   3.296754    -4.961308   1.976632   0.618524 
-5.016351   1.810162   1.345438    -4.892082   1.696358   3.382923 
-2.594160   -1.713038   0.005616    1.298117   -0.759566   -0.013348 
-4.968702   3.063587   0.199154    -4.902024   2.889195   2.790909 
0.496467   0.165509   3.449994    2.824942   0.191107   3.434910 
-4.491799   0.391903   -0.005975    -2.526997   -0.019765   -0.008308 
-2.683862   4.153515   3.381145    -2.785328   4.231027   0.949473 
-3.007836   0.427448   -0.010546    -3.943897   2.117342   -0.021548 
-4.869616   2.330833   3.247316    -4.967820   2.392567   1.320377 
-3.829701   2.049022   0.101115    -2.850647   0.392051   0.108046 
1.309382   -1.130860   0.810737    -0.568160   -1.520026   0.834784 
-5.033192   4.315105   3.539188    -5.051713   4.260957   0.422780 
1.391168   4.307632   0.824808    1.220352   4.219647   3.201690 
-2.108751   0.790057   0.096865    -3.058841   2.447689   0.089645 
-0.653216   -1.185325   0.068178    1.214701   -0.798279   0.044526 
-0.666350   -1.571059   0.829301    -2.497800   -2.021052   0.848683 
0.554731   4.199602   3.167229    0.519913   4.307400   1.284747 
-4.881101   -1.142732   3.034997    -4.803895   -1.125255   0.683675 
-1.821928   1.345698   1.873112    -1.831574   1.311342   0.025838 
2.880086   -3.566725   0.021348    2.847078   -3.568398   1.866800 
-4.875057   -1.013201   3.437904    -4.910708   -1.015608   0.858545 
-3.644208   4.304602   1.608277    -3.446002   4.212598   3.417709 
-4.053809   4.253903   1.876433    -4.033842   4.158780   0.057275 
-4.454341   0.193136   0.898686    -2.662367   -0.103291   0.880092 
-1.482372   2.214318   0.037569    -1.481285   2.226371   1.850842 
0.347068   4.211121   3.989082    2.150543   4.224409   3.981391 
-2.501107   2.061792   0.030908    -2.471785   2.079979   1.833702 
1.666527   4.190617   2.782713    1.760890   4.251792   0.990122 
-1.481613   2.246238   0.048776    -1.477307   2.296886   1.839189 
3.156573   2.765220   -0.061874    3.191229   -0.186310   0.029017 
2.863417   -2.494504   0.054951    2.840303   -2.478244   1.832944 
-4.862727   2.634439   1.355566    -4.863461   2.486732   3.356076 
-2.443694   2.154666   1.840197    -2.474007   2.105476   0.073998 
1.301072   4.174390   3.109735    1.434803   4.286191   0.971623 
-4.824625   2.489054   2.328689    -4.960199   2.466174   0.569279 
-1.980892   4.211915   4.001127    -3.739134   4.202899   4.008956 
-1.875974   1.313161   1.866861    -1.918379   1.313270   0.110307 
3.211482   3.955041   0.004303    3.130643   3.967098   1.752003 
-4.963416   -3.623821   3.580253    -4.972203   -3.632772   1.866516 
-4.773060   -1.556850   3.151411    -4.847645   -1.583818   1.446874 
-4.744876   -1.973027   0.878621    -4.780616   -1.973598   2.576524 
-4.927967   3.009915   4.000609    -4.913601   1.318247   4.030740 
1.541952   4.252993   3.084517    1.671621   4.304719   0.939769 
-4.915462   2.555652   3.151280    -4.959600   2.751752   1.123332 
-4.584941   -2.543183   3.893156    -2.465677   -2.534636   3.879460 
-4.895084   -2.626901   4.005349    -4.904618   -0.947733   3.986966 
3.310810   -2.466293   0.236707    3.324318   -2.543912   1.904569 
-0.490761   1.495777   1.138916    -1.802583   1.814920   2.111092 
0.902305   4.188212   0.881650    0.844396   4.169250   3.374117 
-4.558065   -0.897260   0.892151    -2.917804   -1.147327   0.899698 
-4.603880   0.255582   3.474247    -2.210743   0.290224   3.463085 
2.093346   4.280710   3.902973    0.452043   4.265375   3.912471 
-2.339527   3.000057   4.014631    -4.737671   2.979430   4.024894 
-5.011249   -0.682923   1.521001    -5.000270   -0.901677   3.145863 
0.304008   4.346011   0.029254    -2.092357   4.322308   0.133717 
0.388526   4.262342   3.689222    2.015106   4.277582   3.683620 
-2.838716   4.231301   0.981430    -2.861202   4.181717   2.603790 
-4.902813   -0.957308   3.730391    -4.893705   -2.579509   3.763145 
-4.943876   2.968683   3.713679    -4.932150   1.357319   3.729605 
-2.161357   4.202453   3.243943    -2.160279   4.230809   1.662911 
-2.425961   4.213825   3.423269    -2.449214   4.239708   1.458662 
3.291734   2.628579   3.504196    3.276401   4.196297   3.506872 
-2.964511   4.208185   2.693041    -3.036775   4.347003   0.657338 
-5.024174   1.549389   0.739726    -4.938332   1.580508   2.285221 
3.266675   -1.290476   3.615186    3.252790   0.250809   3.614378 
1.079766   4.158926   2.600022    1.149114   4.316429   0.781766 
1.344595   4.204328   3.090650    1.555152   4.315686   0.943868 
2.973814   -2.369759   3.851522    -0.123413   -2.368696   3.868449 
1.602126   4.256418   0.973774    1.434387   4.206343   2.450249 
-2.324053   -0.176785   0.843535    -2.747521   -1.990487   0.902306 
3.333832   -3.550111   1.998392    3.345230   -3.551192   3.478943 
3.266805   -2.459949   0.381333    3.240159   -2.455714   1.861502 
-4.753680   -1.168284   2.317871    -4.737343   -1.153121   0.850551 
1.724177   4.227434   1.629594    1.556085   4.243819   3.085802 
-4.042359   -3.632603   0.197506    -2.578372   -3.620207   0.183346 
-3.734486   4.249112   3.949434    -2.049620   4.257310   3.942077 
0.349962   4.267618   1.492290    0.474957   4.162883   2.896029 
-4.932669   1.295885   3.985662    -4.944620   2.951092   3.944436 
-2.574437   -1.695979   0.005421    -1.222421   -1.309060   -0.001618 
-2.681599   4.196484   2.728754    -2.674894   4.300331   1.331773 
-4.988606   -2.684465   3.562345    -4.997709   -2.695562   1.563039 
2.106241   4.344514   2.032364    2.020675   4.361018   3.416935 
-5.194032   -1.903721   2.501335    -5.272660   -1.916387   1.117687 
-4.817775   -1.775216   0.743512    -4.767490   -1.560271   2.793126 
-2.755734   2.048887   -0.012484    -2.112652   0.833560   0.090219 
-2.351358   4.210351   1.473078    -2.305145   4.153902   3.329675 
0.445958   4.167505   2.414441    0.477115   4.288988   1.055770 
-2.396369   4.226916   3.287976    -2.368310   4.238052   1.925155 
-4.831855   1.950849   2.345922    -4.934984   1.987375   0.988153 
-4.823942   -2.516096   0.809600    -4.808443   -2.462788   3.417576 
1.190034   4.273873   1.150186    1.157471   4.226362   2.496891 
-2.370915   4.188553   1.062415    -2.234029   4.182021   2.390190 
-2.113737   2.938934   3.829939    -0.795445   2.958692   3.821517 
-3.682568   4.315383   3.528248    -4.995096   4.330384   3.558022 
0.603611   4.131555   2.082984    0.691518   4.252649   0.786195 
-4.930899   4.208902   3.562854    -4.922706   2.914774   3.568760 
-4.890729   2.106003   1.743779    -4.846763   2.169682   3.034024 
-4.440520   0.087088   0.892753    -3.183467   -0.108461   0.885656 
-5.027787   3.038294   3.548220    -5.033049   4.298266   3.551186 
-3.701485   4.311134   2.214643    -3.652119   4.314814   3.462512 
-4.959042   2.200909   0.609233    -4.849157   2.009847   1.836282 
-3.243767   4.195752   3.447578    -3.273613   4.243709   2.204786 
1.519177   4.187412   1.866849    1.440902   4.209091   3.106864 
-5.047704   4.256301   3.745482    -5.044276   3.027775   3.740872 
2.749891   3.154153   -0.049272    1.875330   4.014596   -0.053726 
-5.052041   4.260003   0.367623    -5.046930   3.033815   0.362956 
-3.453303   2.896641   3.973325    -4.678316   2.879830   4.007863 
0.869810   0.323156   3.508659    2.861400   0.343728   3.510522 
-3.794155   -0.944569   0.896059    -2.586908   -1.043556   0.891222 
3.290268   -0.314813   0.010102    3.302543   -1.730247   -0.001875 
2.640481   -3.553167   2.378584    1.433056   -3.572077   2.374284 
-4.819025   1.650506   3.388220    -4.954877   1.779354   0.909484 
-5.044462   3.055077   4.008219    -5.047784   4.248835   3.992020 
-4.553785   2.785848   3.840414    -2.206689   2.794682   3.833726 
3.162621   2.763324   1.167766    3.156823   2.761155   -0.020313 
-5.047339   3.097150   1.677431    -5.005209   3.094021   0.494089 
3.280925   -2.831977   3.587041    3.269800   -1.649544   3.624119 
-2.353976   -2.111387   0.714678    -1.211786   -1.819643   0.708195 
-4.617960   2.920317   3.843312    -2.835107   2.932778   3.832442 
-4.995284   2.754744   3.524062    -5.104127   1.592085   3.536270 
0.750974   4.268044   2.332087    0.725231   4.276312   1.168787 
3.148992   3.943534   1.178163    3.162433   2.782434   1.174711 
-4.909046   -0.822475   2.710091    -4.920198   -0.754958   1.555003 
2.370417   -0.230584   -0.020732    3.175593   0.591886   -0.029724 
-1.100027   4.023088   0.097098    -1.102210   4.010816   1.245133 
1.683348   4.255538   3.537824    3.234002   4.272167   3.517569 
2.616632   -3.551061   1.185982    2.653218   -3.563651   0.052320 
-2.170376   4.318566   0.025151    -1.047976   4.329069   -0.046336 
3.199260   3.939714   -0.023913    2.077919   3.902395   -0.017972 
-2.054603   2.800364   3.830813    -0.933794   2.809944   3.822034 
-4.068534   -3.629713   1.184101    -4.115365   -3.635836   0.069401 
3.134746   3.971778   2.352935    2.021347   3.953176   2.356597 
2.464917   4.225058   1.109682    2.038405   4.156757   0.090695 
-2.512717   -1.290573   0.042877    -2.262376   -0.215533   0.015795 
-5.006841   4.313324   4.010241    -3.902836   4.308108   4.005691 
0.957445   2.609022   0.838968    -0.070831   2.998024   0.835373 
1.208778   -1.228481   -0.009288    1.399222   -2.310178   -0.001066 
0.257510   3.015102   4.003603    -0.839078   3.020338   4.008122 
1.733723   4.425138   3.471499    1.971179   4.417952   2.404810 
3.306018   0.077435   2.431957    3.316826   0.086907   3.523088 
2.128494   4.364666   3.523962    3.211259   4.386774   3.499061 
1.981559   3.947552   1.710397    1.989928   3.935071   0.065486 
-4.909756   2.820799   1.936790    -4.806021   2.844091   3.000406 
-4.034484   4.174600   0.027716    -4.051053   4.319443   1.082879 
-2.926014   4.276753   1.859864    -2.935066   4.309732   0.796990 
1.076720   2.945257   0.846127    0.079700   3.302360   0.854868 
2.889935   -3.537863   0.009784    2.863115   -2.483190   0.056585 
2.839623   -2.478947   1.887569    2.865794   -3.533251   1.890859 
3.223506   4.394703   3.722731    2.169818   4.381902   3.736767 
0.754706   -1.355834   0.810703    -0.272173   -1.520985   0.850822 
3.265130   0.019429   2.417421    3.275625   0.026563   3.446410 
-3.037097   2.451806   -0.026877    -2.431459   1.621793   -0.021894 
-4.965063   4.339401   3.752925    -3.938478   4.345511   3.729359 
-4.835989   -2.309005   1.769728    -4.793197   -2.550354   0.776724 
1.350499   4.282449   0.856940    1.225809   4.251243   1.871205 
3.124363   2.845134   0.033201    3.127849   2.895648   1.051876 
-4.902892   2.077937   1.638827    -4.902310   2.041704   2.652874 
3.119189   3.763319   1.086546    3.115284   3.755801   0.072321 
-4.961174   2.235759   2.497756    -4.999477   2.225723   1.486524 
-2.691828   4.308445   0.851074    -2.591945   4.304426   1.840118 
-3.671446   4.303267   -0.000145    -3.780718   4.307863   0.987365 
-2.606582   4.269678   2.362410    -2.585946   4.207768   3.352920 
2.168293   4.382164   3.949969    3.160414   4.394245   3.958195 
-0.965156   3.020072   4.008652    -1.953291   3.005145   4.012957 
-1.829278   1.317406   0.050791    -1.475768   2.231368   0.032545 
-4.942558   4.177404   1.919902    -4.946585   4.205412   0.947864 
-5.029238   1.164147   0.398564    -5.023234   0.191993   0.405301 
-0.192923   -3.602245   1.024453    -1.164782   -3.609379   1.017089 
1.990413   4.418034   2.407207    1.978169   4.425201   3.371461 
-4.860878   -1.910732   1.488659    -4.795644   -1.905569   0.530241 
3.123172   3.223507   1.085679    3.120929   3.215242   0.125731 
2.528719   -3.525636   2.203938    1.571456   -3.523369   2.216868 
2.766444   0.147759   3.517947    1.817362   0.136689   3.527019 
-4.938279   2.724065   2.329824    -4.874194   2.677497   3.275649 
-2.464339   2.071181   1.859368    -1.883574   1.323282   1.877375 
-1.480794   2.227670   1.856687    -1.821318   1.347377   1.892863 
-4.773846   -1.397085   1.375890    -4.794726   -1.401827   2.317584 
-4.142542   4.220974   0.955906    -4.049376   4.195837   1.889163 
-4.984848   -3.609789   3.592650    -4.988492   -2.673159   3.597040 
-1.909360   1.339311   -0.021110    -2.490123   2.070160   -0.025360 
-2.049651   4.187257   2.317578    -2.097761   4.163191   3.248804 
3.324759   -2.559454   1.944181    3.333109   -3.491036   1.971509 
-1.924005   1.318888   0.057740    -2.494396   2.053764   0.050876 
0.051773   2.946880   0.571812    0.921612   2.617644   0.565390 
-3.395877   4.191948   2.518457    -3.633703   4.299876   1.625993 
-0.676056   3.008072   3.839512    -2.087112   3.002917   3.854830 
-1.521132   2.311351   1.855490    -2.436276   2.156633   1.868667 
-1.105796   0.844032   0.935238    -1.104454   0.824815   0.015041 
-3.344607   4.255351   0.620917    -2.426287   4.311922   0.615936 
-0.738798   4.340802   1.271344    -0.740115   4.340170   0.359929 
-4.901812   -3.577010   3.611225    -4.881017   -2.671864   3.608693 
-4.860128   -2.462077   1.695115    -4.813215   -2.507054   0.792631 
3.115049   3.755654   0.012088    3.124367   2.855418   0.060960 
-1.085113   4.338105   0.359734    -1.077652   4.338767   1.261288 
-2.402870   4.256486   1.693968    -2.467127   4.267972   0.798246 
2.762288   -2.463537   3.906707    1.867356   -2.450453   3.906969 
-3.335025   4.163011   3.432113    -3.405596   4.196245   2.540900 
-5.036811   4.325560   1.999021    -4.144036   4.315368   1.982331 
3.226368   0.933152   3.555341    3.222901   1.822016   3.558842 
-2.773106   4.197780   3.415818    -2.809073   4.190540   2.531175 
-0.792611   0.710536   0.013751    -0.770984   0.725796   1.153053 
-1.057445   -2.562268   3.886564    -0.179508   -2.566764   3.887921 
3.265627   3.970836   1.040600    3.259890   3.984467   0.166578 
-4.959458   0.236112   0.354987    -4.954261   1.109520   0.373063 
-2.722259   4.161913   -0.041652    -3.591875   4.121050   -0.038811 
2.657607   -3.561442   1.368695    2.717324   -3.572676   2.236531 
1.448534   4.189719   0.606597    0.581968   4.175243   0.607651 
-2.796257   -1.848225   0.232342    -2.650622   -1.234585   0.825541 
-0.516302   -3.609237   0.131376    0.335985   -3.603580   0.022420 
0.433333   4.347077   0.189283    0.278712   4.346730   1.034388 
-1.936942   4.194474   2.285884    -1.940254   4.170073   3.144286 
-4.389291   0.307577   0.031314    -4.449085   0.195004   0.879687 
0.629562   4.133859   2.827832    0.580989   4.180562   1.972817 
-0.562689   -1.519310   0.835626    -0.656294   -1.180195   0.055649 
-2.536652   -1.026203   0.890928    -2.430625   -0.178418   0.886833 
-3.071426   2.480750   0.089439    -3.808896   2.051528   0.100887 
0.987383   4.185960   1.118015    1.003932   4.254166   2.355066 
-1.070501   0.237077   1.234212    -1.068591   0.268236   0.038451 
-2.842967   0.375757   0.108133    -2.108033   0.793499   0.096824 
-4.953859   1.219794   0.222141    -4.958853   0.375173   0.223562 
-4.901754   -1.591987   1.368342    -4.796480   -1.650896   0.535757 
-2.256231   -0.184875   0.026684    -2.321728   -0.158824   0.864862 
-1.934513   4.333004   0.335787    -1.094618   4.338045   0.354776 
-4.915708   2.914689   2.530314    -5.033299   3.079708   1.715171 
1.963280   -1.202311   4.037057    0.898733   -1.209037   4.041635 
-3.726171   -2.529589   3.957546    -4.561927   -2.538945   3.942318 
-2.584078   4.185106   3.355073    -2.595599   4.164678   2.519744 
2.091613   -1.233543   4.036721    2.926867   -1.230234   4.033143 
-4.963347   2.382687   2.468372    -5.039346   2.464219   1.642770 
0.755594   4.239142   3.350081    0.754883   4.259522   2.520850 
2.051555   4.152625   0.068263    2.098280   4.242302   0.889480 
-2.232253   4.144389   0.618695    -3.058715   4.167346   0.621609 
1.227978   -0.795200   0.043643    1.322787   -1.120333   0.793682 
-4.253354   2.913869   3.859324    -3.433135   2.908901   3.914739 
1.517726   4.183739   2.451478    1.477205   4.159976   3.268679 
-0.718759   3.987835   1.241640    -0.567323   3.991394   0.438858 
-3.243805   4.304094   1.672014    -3.212822   4.306505   2.484946 
-3.977437   2.119130   -0.021465    -3.268295   2.514827   -0.026720 
-0.741175   0.139946   1.210928    -0.737402   0.104958   0.048486 
-3.831422   -0.031071   0.859709    -4.448326   0.168685   0.378041 
1.800641   4.221959   1.854235    1.734673   4.194671   2.656647 
-4.860728   -2.631286   1.351348    -4.860081   -2.646701   0.548621 
-4.068099   4.223697   1.206909    -4.868578   4.240635   1.215851 
-0.356511   0.139390   0.023295    -0.395871   0.159974   0.820085 
-0.687430   -1.236336   0.036465    -0.606030   -1.524442   0.773711 
3.127270   3.118147   1.048355    3.119385   3.177801   0.255687 
-4.997356   -2.803200   1.548281    -5.002696   -2.734927   0.439328 
-4.101683   4.314878   1.979506    -4.021149   4.311292   1.193397 
-5.017709   -0.021706   3.774948    -5.014032   -0.809587   3.764352 
0.656556   4.322224   0.605133    1.441423   4.308231   0.604630 
-5.007847   -0.833421   4.042543    -5.011696   -0.048727   4.044596 
-4.879039   1.376447   2.621392    -4.856250   1.369934   3.405239 
-3.364996   4.308816   2.656657    -3.539547   4.308201   1.892517 
-2.007510   4.334373   2.974686    -1.851998   4.334610   1.960426 
-2.586409   4.301809   1.858963    -2.612481   4.268523   1.085079 
-3.126045   4.240203   1.393730    -3.271650   4.317071   0.641064 
0.843878   3.036463   0.534467    0.126120   3.308678   0.550535 
-3.157548   4.196727   1.779332    -3.281750   4.232255   1.025527 
-4.026226   4.311299   1.178288    -4.121112   4.309797   0.419423 
3.185631   -0.292840   -0.022580    2.424827   -0.325690   -0.020118 
-4.958078   1.296223   -0.011962    -4.974678   0.535490   -0.005746 
-2.654189   -1.232231   0.888193    -2.658333   -1.412287   0.149339 
-5.024330   1.226895   3.759599    -5.020918   0.468359   3.761132 
-2.445411   -0.095221   0.778906    -2.324031   -0.128871   0.031487 
-4.744710   -1.224848   2.018066    -4.818427   -1.273686   2.768668 
-2.421253   1.613457   -0.021856    -2.098332   0.933551   -0.017275 
-4.859502   -1.926018   2.517936    -4.871551   -1.877947   1.767603 
-3.507697   4.392616   3.457448    -3.607334   4.390956   2.717486 
-3.618966   4.390966   2.695894    -3.616421   4.393288   3.441532 
-1.591454   1.798822   1.858336    -1.009276   1.653928   1.420000 
3.299290   -0.431480   0.181818    3.305410   -1.174441   0.185757 
-2.054881   4.265111   0.746917    -1.937888   4.262236   1.477886 
3.260164   3.807911   0.335861    3.265160   3.828164   1.073706 
0.639402   2.556353   -0.038334    -0.063011   2.778210   -0.038106 
1.412101   -2.371070   -0.000610    1.200609   -3.066780   0.005642 
1.775925   4.270471   2.643317    1.889268   4.299093   1.927566 
-4.532818   4.169013   0.561110    -4.118532   4.102563   -0.025553 
-5.017864   0.474407   4.055409    -5.021366   1.194053   4.028638 
-4.847260   2.746696   2.598877    -4.890434   2.908766   1.899194 
-2.526310   -0.106558   0.745496    -2.492436   -0.009411   0.033865 
-1.853919   4.334593   1.951422    -1.870455   4.334003   1.234984 
-4.823037   -1.458700   0.619238    -4.901649   -1.534013   1.326096 
3.124263   2.946439   -0.021665    3.078672   3.658906   -0.022757 
1.768328   4.205928   3.026072    1.925365   4.257159   2.335266 
1.823121   4.326167   1.086898    2.019045   4.339233   1.769171 
-4.777405   -1.964004   1.606242    -4.841911   -1.921130   0.908650 
-4.991258   2.462282   2.254164    -4.935148   2.449169   2.948094 
-3.195036   -2.667647   0.015091    -3.545481   -3.269132   0.020980 
3.215509   4.386988   3.508550    3.214771   4.377796   2.813396 
-1.879893   4.319415   2.054088    -1.902849   4.247733   2.742545 
-0.883325   4.003353   1.143674    -0.886062   4.008183   0.455682 
-4.877237   -1.511306   1.108076    -4.892437   -1.507281   1.795194 
-2.603355   4.224168   2.383126    -2.607384   4.235041   1.696679 
1.332282   -3.596217   0.039559    1.349882   -3.592532   0.725249 
0.197695   3.352574   -0.043516    0.851583   3.145482   -0.043724 
-4.970727   -3.467070   4.081813    -4.994566   -2.783563   4.077316 
-3.445649   4.304191   1.026298    -3.258286   4.304294   1.682418 
0.768306   4.338861   1.426343    0.792093   4.396642   0.751589 
-4.069023   -2.872441   1.149029    -4.082250   -3.544993   1.166319 
2.319378   4.346908   1.879070    2.317569   4.338033   1.209590 
-4.066854   -2.919651   0.437878    -4.068636   -2.862569   1.104270 
-4.874664   -2.570223   3.133703    -4.888383   -2.610595   2.466713 
-2.200962   -2.789610   0.722517    -2.362282   -2.144650   0.715103 
0.479222   1.128846   0.419669    0.954744   0.870712   0.039068 
-0.704892   3.988283   1.079605    -0.712057   3.993029   0.422540 
-3.114931   4.283881   1.295972    -3.142923   4.324103   0.645785 
-3.663899   -0.045805   0.891639    -3.834491   -0.673871   0.895075 
-5.001588   -3.057675   0.405484    -4.998630   -3.052980   1.056160 
-4.849706   1.341124   1.743252    -4.962060   1.408895   1.106133 
-4.566861   -2.790992   0.408105    -4.663606   -2.795505   1.048747 
-4.870653   -2.089489   1.169424    -4.724929   -2.189909   0.550917 
-3.062688   4.171286   3.402353    -3.124124   4.170876   2.766719 
3.274672   2.928526   0.643359    3.237183   2.902106   0.008384 
-3.557546   -2.534311   4.069521    -4.192136   -2.522969   4.072146 
-4.927451   2.848059   1.534185    -4.958423   2.708981   2.152265 
-4.833157   -2.628042   2.294350    -4.852302   -2.628499   1.660474 
-4.821345   -1.895752   3.427600    -4.828612   -1.883736   2.797663 
-4.646429   -1.100640   0.275079    -4.607350   -0.931025   0.879918 
0.198846   1.776725   0.699056    0.724296   1.790421   0.354691 
-1.909708   4.313215   1.358104    -2.033246   4.288954   0.742537 
0.042515   2.792626   0.541772    0.624238   2.566707   0.541628 
-4.946849   1.145591   2.080546    -4.921979   1.178157   2.702692 
1.153065   4.242991   2.736914    1.145129   4.211282   3.355309 
-1.897696   2.809300   3.895706    -1.279982   2.811434   3.853067 
3.057543   4.225549   3.483117    2.439094   4.220856   3.485622 
1.286816   -0.843153   0.074769    1.356872   -1.132559   0.614674 
2.380278   4.355189   2.410848    2.574006   4.351556   1.831489 
-4.895328   1.343172   1.219600    -4.902420   1.247707   0.619509 
-1.952526   -3.221153   0.015993    -1.888349   -2.617469   0.010913 
1.317283   4.286129   -0.054317    0.712408   4.253261   -0.052305 
-5.179575   -1.675653   2.797396    -5.177357   -1.746863   3.398786 
2.614575   4.360248   2.426289    2.611717   4.352200   1.821102 
0.665753   4.193861   2.779221    0.679267   4.211690   3.383282 
-1.194908   -2.580799   3.897435    -1.797273   -2.564927   3.891448 
1.914651   4.252891   0.921048    1.949616   4.306813   1.519034 
-2.205866   4.225673   1.269561    -2.295399   4.339540   0.688875 
-4.318594   4.188846   1.948093    -4.913504   4.178165   1.913320 
-3.606421   -1.234150   0.276334    -3.035301   -1.259558   0.442942 
-3.615569   4.336209   0.579052    -3.636077   4.337474   -0.013687 
-2.898654   -3.037054   0.017231    -3.418395   -3.317838   0.021008 
3.125971   3.058682   0.480281    3.133341   3.054439   1.067481 
-4.951659   -3.632782   1.835720    -4.366005   -3.628627   1.812322 
2.052407   -3.569630   2.302101    1.466895   -3.570268   2.317729 
-5.199954   -1.488105   2.572998    -5.227948   -1.530281   1.993715 
2.450960   3.547270   -0.019262    2.919851   3.206476   -0.021080 
-0.629451   0.057774   -0.014412    -1.190837   0.196655   -0.013918 
-2.955948   4.094516   -0.006177    -2.378397   4.104756   -0.004797 
-1.896505   4.333843   1.228543    -1.975194   4.332981   0.656819 
-0.407444   0.770360   0.005927    -0.350964   0.197475   -0.004831 
-2.558548   -2.065350   0.008370    -2.637309   -2.634853   0.013216 
-4.998085   -2.979918   1.237691    -4.995471   -2.977593   1.811041 
-4.827165   3.677545   0.515788    -4.757085   3.686286   -0.051296 
-4.881373   1.867717   3.348883    -4.916573   1.902044   2.780081 
-4.985483   -0.704087   0.020354    -4.669752   -1.179209   0.018115 
-4.929988   1.459450   2.782829    -4.886484   1.490901   3.350080 
-5.175851   -1.471094   3.398739    -5.178366   -1.481700   2.831861 
-4.824562   -1.433873   3.182916    -4.816099   -1.436644   2.616478 
1.976481   3.947871   1.763127    2.540750   3.957236   1.753140 
-2.685357   -2.526315   3.979483    -3.245385   -2.528879   4.043409 
-0.588653   0.301257   3.514690    -1.397902   0.278473   3.507424 
-2.645126   -0.900049   0.890860    -2.594244   -0.339377   0.888236 
-1.461389   -3.611487   1.028055    -1.472809   -3.608653   1.590709 
-2.571431   4.153219   1.161859    -2.530469   4.200067   1.720437 
-5.091653   -1.867491   2.647515    -5.072685   -1.750306   2.099535 
2.004937   3.952886   2.354679    1.989617   3.948331   1.794355 
1.294227   4.146747   0.600307    1.238525   4.136723   0.042986 
-0.725750   0.160405   1.238977    -0.777495   0.717111   1.237116 
-5.019758   -0.045933   0.745146    -5.016299   -0.602541   0.752668 
3.305851   -1.896442   0.239372    3.310705   -2.452896   0.238213 
-4.078884   -3.543728   0.398033    -4.068107   -2.987808   0.419611 
2.777641   4.363939   2.449908    2.777810   4.356636   1.896410 
-3.310792   4.116580   0.037247    -3.400386   4.120903   0.583421 
-4.909432   1.567867   2.778219    -4.890190   1.565136   3.331062 
-2.802694   0.325098   0.000695    -2.244371   0.678397   0.074412 
-4.821707   3.183280   3.580716    -4.815828   2.632540   3.585315 
-4.787476   -2.338520   2.937442    -4.805904   -2.350529   3.487049 
2.558302   3.952777   1.133682    2.008792   3.943671   1.145219 
-4.659021   -2.795781   1.065222    -4.118706   -2.808976   1.156388 
0.862296   3.124084   -0.043581    0.690552   2.606659   -0.038890 
-0.385753   0.172571   0.886184    -0.447782   0.714071   0.875509 
0.316442   4.346327   0.116476    -0.227834   4.343063   0.106720 
0.771419   -1.222204   4.042265    -0.256514   -1.216347   4.046602 
3.226252   2.822773   0.965929    3.137112   2.784876   0.431923 
0.753241   -1.491749   0.699155    0.831907   -2.028103   0.705464 
-0.780471   0.695943   0.881782    -0.730172   0.156338   0.893849 
-4.996104   -3.528931   1.201388    -4.998156   -2.989697   1.213904 
-4.287249   3.761711   0.566923    -4.823647   3.795312   0.571972 
2.582408   3.957282   1.668199    2.572044   3.952990   1.131425 
-0.410164   0.732880   0.572066    -0.358947   0.199904   0.585733 
0.001165   2.791766   0.018328    0.173953   3.296104   -0.008692 
-2.688096   4.122483   0.593036    -2.652611   4.121677   0.061378 
-0.539548   3.975420   1.265940    -0.525047   3.984776   0.734181 
-1.115019   0.808174   0.918903    -1.072612   0.278287   0.912268 
-4.098985   -1.118432   0.457508    -3.614686   -1.232933   0.276865 
-4.995397   -2.967523   1.835810    -4.993371   -3.495996   1.826998 
-2.755870   -2.028354   0.897764    -2.714752   -2.044609   0.371841 
-1.882179   -2.542701   0.007443    -1.372434   -2.679095   0.005541 
1.373115   -1.997317   0.596458    1.369788   -2.000801   0.069321 
0.705202   2.546987   0.516340    0.673566   2.552530   -0.009412 
-3.141094   4.114907   0.044835    -3.141641   4.118590   0.570911 
-2.017044   4.334674   3.497209    -2.016340   4.334319   2.972300 
3.124493   3.230196   1.060851    3.119350   3.752561   1.099803 
-1.721619   -1.898295   0.004600    -2.233348   -1.994872   0.006860 
1.758113   4.240195   1.328170    1.821364   4.222253   1.843241 
-1.069372   0.277962   0.039206    -1.110537   0.793833   0.013093 
-3.547844   4.119997   0.608736    -3.592481   4.114917   0.092867 
-0.637898   2.919280   4.008477    -0.124202   2.934723   4.006148 
-1.096079   4.283465   0.077417    -1.103797   3.769654   0.074348 
-4.368282   -3.628781   1.785949    -4.378559   -3.631517   1.272662 
-1.974928   -2.369336   0.009151    -2.371390   -2.043333   0.007652 
2.576276   4.215151   1.205512    2.063711   4.205824   1.194301 
0.867419   3.131707   0.499731    0.859969   3.124341   -0.012259 
1.336229   -0.716170   -0.013810    1.211737   -1.212614   -0.009425 
-1.307910   2.159904   0.025192    -0.827011   2.004621   0.089621 
2.280325   -2.595920   4.045084    1.584135   -2.609741   4.048140 
-3.029908   -1.256185   0.457029    -2.705326   -1.187344   0.840140 
-0.953764   -2.588923   4.058804    -0.053422   -2.594746   4.055011 
-2.850006   4.174546   2.880386    -2.865392   4.166402   3.384557 
-4.210497   1.576745   0.913499    -4.713134   1.614963   0.916715 
-3.146826   4.195555   3.341911    -3.175529   4.200165   2.840331 
-2.214752   4.166990   0.586866    -2.215699   4.156236   0.084739 
2.202721   4.336063   1.240638    2.185731   4.342323   1.741539 
0.828970   4.248136   1.394676    0.838958   4.247579   0.894300 
-0.130176   -3.267821   0.011113    -0.623807   -3.346480   0.013175 
-4.815152   3.982998   0.569495    -4.320618   4.051857   0.563569 
-4.480143   0.175208   0.371517    -4.494455   0.077104   0.858316 
-0.662995   -1.256606   4.048603    -0.167647   -1.258000   4.046504 
1.861438   4.028708   -0.053800    1.370013   3.970971   -0.051913 
2.042111   4.209713   1.404781    2.534385   4.218884   1.426040 
-2.133092   0.728742   -0.015514    -2.559076   0.482285   -0.012286 
-4.219124   3.719464   0.009876    -4.214059   3.709167   0.501216 
-0.426893   0.753972   0.521240    -0.420678   0.739389   0.031454 
-1.016728   2.005853   -0.029091    -1.433331   2.263638   -0.029979 
-0.928262   2.928952   3.932069    -1.414333   2.917955   3.988252 
2.007207   4.180342   1.727336    2.006978   4.191461   1.240121 
0.547518   4.138814   0.087497    0.549801   4.144868   0.574649 
-1.464446   2.904806   -0.035088    -0.977856   2.896666   -0.036427 
-5.038832   1.827716   0.539837    -5.025298   1.844424   1.025886 
0.395225   -2.618834   4.053263    -0.090691   -2.625699   4.055377 
-4.873197   2.763063   2.823164    -4.875793   2.785103   3.305937 
-5.013833   -0.742302   1.023882    -5.011566   -0.655521   1.495868 
-2.907639   4.187393   3.362804    -2.912168   4.222902   2.884278 
-4.059278   -0.923152   0.778882    -4.529008   -0.880292   0.706268 
-2.382645   4.235562   0.817426    -2.227647   4.210526   1.266722 
3.070313   -0.248031   0.703700    2.734462   -0.258503   0.368089 
-1.559551   0.311788   3.533430    -2.032206   0.300301   3.534921 
-2.536591   -2.032988   0.854330    -2.623546   -1.856621   0.424607 
-4.731197   1.353036   0.917103    -4.260191   1.317685   0.914089 
2.551267   4.052959   1.618901    2.080881   4.032360   1.614299 
0.003519   2.802497   0.499434    0.008034   2.811908   0.028952 
0.192988   3.351331   -0.053058    0.178999   3.314239   0.415415 
-4.186215   4.309182   0.021016    -3.718103   4.303729   -0.019923 
-4.538732   -3.633171   1.179252    -4.069855   -3.629640   1.199987 
2.004184   4.000669   1.198767    2.005015   4.032215   1.666687 
3.274768   4.306051   3.451133    3.270197   4.297036   2.984669 
-4.358035   -0.965607   0.871293    -4.131197   -1.105195   0.488990 
-3.584194   4.126848   0.098574    -3.579369   4.213995   0.554778 
2.897594   4.360242   1.981538    2.894603   4.366295   2.444744 
-4.184612   -1.212328   0.009029    -4.546201   -1.501631   0.018344 
-2.555580   4.122395   0.086063    -2.561041   4.123272   0.548960 
1.194293   2.848549   3.862038    0.436231   2.850843   3.862077 
-4.687975   3.689273   0.001652    -4.228055   3.712499   -0.009748 
2.094135   4.214900   1.614752    2.554547   4.222981   1.610207 
-4.324073   0.913118   0.199848    -4.777451   0.992867   0.202081 
-4.280146   1.000631   0.919473    -4.734540   1.048498   0.921226 
1.081632   -2.597856   4.050200    1.537280   -2.586087   4.048181 
3.199019   4.209165   3.621439    2.743365   4.206871   3.623979 
-3.074789   -1.364344   0.062440    -3.494161   -1.269675   0.203349 
-4.732142   -1.807285   0.024405    -4.818672   -2.250763   0.029665 
-4.835009   1.630779   0.114635    -4.841933   1.639048   0.563053 
1.908214   4.139386   0.110697    1.910259   4.142240   0.557896 
-4.832892   2.336987   0.512264    -4.845522   2.782361   0.506046 
2.810635   -3.568474   1.908736    3.249483   -3.568075   1.985463 
-5.000613   -0.898185   3.091677    -4.998295   -0.849231   3.533212 
0.665794   4.188539   2.000494    0.654829   4.158694   2.442739 
-4.814476   0.764451   0.929332    -4.372228   0.757132   0.926579 
1.827485   -3.513690   3.609682    1.393181   -3.515005   3.690687 
-2.718561   4.289359   1.257441    -2.759108   4.279311   0.817859 
-0.787674   0.192009   1.255279    -0.841431   0.630164   1.245006 
1.532722   2.148140   4.008529    1.094442   2.196164   4.009792 
0.712205   4.147217   0.586854    0.749532   4.142300   0.148222 
-4.261943   1.388924   0.593016    -4.318241   0.952476   0.601122 
-1.956117   4.260334   1.742058    -2.008860   4.277000   1.306462 
-4.310520   0.920472   0.601622    -4.746175   0.974454   0.604160 
1.558660   2.933508   3.999132    1.996487   2.936344   3.997269 
-4.641864   -1.194287   0.017699    -4.205200   -1.216515   0.009460 
-2.168451   4.242390   1.282270    -2.199612   4.267860   0.847375 
-5.100235   2.826923   0.116767    -5.092197   2.391235   0.133062 
-1.583547   -2.597967   4.061546    -1.150966   -2.600051   4.059719 
-2.065080   3.878756   0.002613    -2.056030   4.038548   0.404352 
1.353046   4.142077   0.577444    1.420027   4.139388   0.150578 
2.137422   4.152563   3.551361    2.677524   4.158687   3.543933 
-1.920941   4.196196   3.279800    -1.894155   4.217327   2.851649 
-2.068140   4.211049   1.386435    -1.967177   4.241239   1.802643 
-4.676752   1.408351   0.194192    -4.249538   1.371088   0.191441 
-2.221067   4.300776   0.052492    -2.220076   4.304847   0.479408 
-2.130813   -2.508720   4.063275    -2.554259   -2.539711   4.065286 
-4.845414   2.784556   0.518684    -4.850990   2.781505   0.096960 
0.521576   -1.574359   1.123644    0.109453   -1.640630   1.108127 
-5.087935   -1.517211   2.719222    -5.093955   -1.932961   2.685986 
0.099682   -1.701817   0.862393    0.507278   -1.642589   0.851751 
1.263245   -1.572429   0.583470    1.366345   -1.971190   0.593886 
-2.512675   4.047504   0.364540    -2.462244   3.880840   -0.008091 
-4.249347   1.343285   0.191914    -4.335150   0.941677   0.199448 
-4.683694   1.423178   0.595789    -4.274145   1.397232   0.592968 
-4.398705   -3.507132   3.634240    -3.988500   -3.504869   3.628185 
-2.670837   4.284006   0.785356    -2.572136   4.154696   1.161386 
3.248915   0.904190   3.565583    3.251770   0.500497   3.622734 
-2.617987   -1.856081   0.426347    -2.620988   -1.686646   0.055757 
-0.122776   -2.730767   4.056221    0.283462   -2.720123   4.054420 
2.822130   1.577040   0.405390    2.843500   1.572893   -0.000144 
-1.096333   0.169450   1.248163    -1.136774   0.572200   1.236474 
-1.418932   -2.493732   0.004059    -1.821760   -2.453314   0.006207 
-0.575594   3.991912   0.362449    -0.974212   3.995444   0.295280 
-2.072699   4.221764   1.549766    -2.056155   4.180191   1.950671 
-4.853450   2.088170   0.120367    -4.844981   2.092271   0.522846 
0.551665   4.386033   -0.001688    0.569217   4.405621   0.394493 
2.050252   4.050115   1.445396    2.445381   4.034804   1.429267 
-2.254135   4.194647   2.885119    -2.239375   4.195080   3.277972 
1.043736   4.199518   3.149462    1.024027   4.198616   2.757315 
-4.828995   1.934026   0.512374    -4.833220   1.928089   0.125711 
-0.381264   0.162591   0.861786    -0.765882   0.126782   0.852995 
-1.535406   -3.239630   0.014939    -1.920561   -3.210581   0.015815 
2.040846   4.339704   1.770607    2.051656   4.334840   1.385150 
-4.832506   1.525716   0.513657    -4.840748   1.605077   0.137811 
-4.895180   2.392566   0.445376    -4.892432   2.386392   0.061437 
-0.992870   3.997169   0.028566    -1.048381   3.995370   0.406280 
-4.869957   3.268036   0.337320    -4.866074   3.644953   0.380733 
-0.927049   0.717101   -0.018900    -0.423350   0.762909   -0.020725 
0.839015   4.138023   0.116218    0.839671   4.146277   0.494190 
1.289938   -2.535507   3.870075    0.912378   -2.544862   3.875314 
0.383731   1.343870   0.509764    0.485597   1.706305   0.530039 
-0.321783   2.903236   3.852917    0.054123   2.907414   3.852978 
-4.869166   -2.421797   0.481678    -4.858006   -2.430651   0.106302 
-4.229567   4.062358   0.390061    -4.232450   4.046493   0.016291 
-4.176451   4.310307   0.384654    -3.805284   4.305951   0.342621 
0.418581   4.262352   2.938944    0.360368   4.280379   2.570538 
-5.094973   2.391964   0.426712    -5.102098   2.764816   0.438958 
2.853938   1.772638   0.006008    2.834220   1.774609   0.378312 
-0.931864   2.841050   -0.036108    -1.040060   2.485089   -0.032910 
-0.741184   0.103971   0.027497    -0.371336   0.137472   0.005282 
-1.283360   -3.615414   0.020145    -0.918225   -3.612439   0.079929 
3.236342   -2.455694   1.890068    2.866858   -2.462559   1.890905 
2.588459   4.223454   1.603872    2.579720   4.215802   1.234569 
2.872673   -2.467569   0.289268    3.240681   -2.460802   0.266156 
0.545715   4.160408   0.047988    0.551520   4.211057   0.411231 
-3.559079   4.379521   0.092295    -3.548297   4.382479   0.458790 
-0.782275   0.720400   0.529942    -0.417410   0.755187   0.531301 
-4.811956   -1.779578   0.542321    -4.803950   -1.780840   0.176048 
-2.083108   2.335122   0.309857    -1.722944   2.399071   0.303992 
-1.102693   -3.597064   2.045374    -0.738332   -3.585282   2.035847 
-3.414068   4.268196   0.731014    -3.628125   4.275767   1.025718 
-4.764880   1.031793   0.603304    -4.703420   1.390065   0.596528 
-3.004217   4.187503   3.048847    -3.018659   4.184764   3.411098 
-5.045875   2.840277   0.403548    -5.046920   3.194530   0.476602 
-4.255104   0.795794   -0.009933    -4.608152   0.867827   -0.009499 
2.252934   2.831436   3.871355    2.612603   2.835162   3.870853 
-1.733646   2.285058   0.304190    -2.088415   2.243138   0.309962 
3.075905   1.498431   0.018537    3.051576   1.486505   0.372210 
-2.510802   2.098304   0.036367    -2.163366   2.157123   0.034608 
-2.939348   2.905826   3.881782    -2.587591   2.899857   3.881733 
-2.547690   0.231846   3.506569    -2.896445   0.212379   3.506519 
-0.438568   1.667141   4.022454    -0.090845   1.661694   4.021065 
0.553727   4.331675   0.421228    0.548940   4.326238   0.075719 
3.172958   1.514045   0.322420    3.170263   1.606334   -0.009305 
2.429278   4.350810   2.002163    2.327278   4.353025   2.330122 
-4.935632   4.169125   0.480742    -4.594473   4.165532   0.513511 
0.776914   4.149734   0.560999    0.786207   4.141995   0.220993 
1.150394   1.794645   0.105559    0.869716   1.788670   0.296185 
-5.049512   3.142248   0.009359    -5.047644   2.813347   0.090749 
-0.943210   2.514010   -0.033424    -0.609484   2.525307   -0.034478 
0.254447   1.734848   0.696894    0.168922   1.413813   0.667793 
-4.902570   -1.789108   0.216805    -4.844680   -1.782396   0.541817 
-4.812805   -1.428843   0.441731    -4.802868   -1.430912   0.114623 
2.536529   4.223828   1.737624    2.212336   4.217379   1.717363 
-4.849278   3.277504   0.023207    -4.870637   3.263533   0.346510 
-1.343993   -0.650577   -0.006607    -1.040117   -0.537553   -0.008400 
-1.135780   0.707351   1.223289    -0.814885   0.737133   1.196640 
-2.647951   -1.430407   0.003651    -2.967982   -1.393128   -0.000092 
-4.842377   3.646994   0.018388    -4.847741   3.325166   0.012683 
0.977988   2.607240   0.545083    1.086752   2.909987   0.535570 
-2.184863   -2.724315   0.098201    -2.112419   -2.415202   0.147230 
-4.781076   1.068092   0.200826    -4.701154   1.379104   0.194884 
-4.830777   1.288520   2.294099    -4.898134   1.262064   2.605767 
-0.218291   -1.372389   0.678395    0.090018   -1.294882   0.673808 
-1.037753   2.384926   0.029389    -1.113604   2.691477   0.053314 
-0.788957   0.727621   0.919149    -1.085893   0.836645   0.930600 
0.415919   -1.860750   0.704503    0.725684   -1.809706   0.703086 
0.647640   1.436098   0.353972    0.736021   1.736919   0.368642 
2.917594   3.964118   1.828190    2.916524   3.966508   2.142042 
-4.214042   3.715735   0.531511    -4.226814   4.028410   0.534330 
-0.350885   1.509250   0.998684    -0.610458   1.558171   1.161428 
-1.065749   0.249784   3.495241    -0.756030   0.233736   3.491903 
1.725935   4.188745   2.969007    1.719007   4.174937   3.278018 
-4.809105   -1.628295   0.427914    -4.807491   -1.632827   0.119285 
-4.849521   0.612337   3.620726    -4.844202   0.312793   3.694665 
0.112499   3.120674   0.492658    0.012835   2.829661   0.494572 
-5.047901   2.990781   0.171642    -5.049253   3.297926   0.160869 
-4.842059   2.276413   0.115382    -4.833735   2.278386   0.419349 
0.746280   -2.526965   4.051150    0.483075   -2.377772   4.051267 
-2.692200   4.175809   3.114845    -2.697662   4.172442   3.417116 
-4.847991   -1.487461   0.101514    -4.840695   -1.484281   0.403483 
-4.979698   1.752664   0.956875    -4.996033   1.794345   0.658912 
-0.456341   0.745453   0.867790    -0.755905   0.713667   0.872021 
0.969596   2.621481   0.849858    1.057396   2.909008   0.846629 
-4.232208   4.033986   -0.012223    -4.219868   3.735264   -0.000443 
3.329804   0.534509   3.691055    3.333418   0.447522   3.976995 
-5.002752   -2.746014   0.417554    -5.001605   -3.043386   0.414100 
3.101713   1.810221   -0.018459    3.071668   1.827978   0.276728 
1.109769   -1.540578   0.606502    1.192745   -1.825841   0.607291 
-2.047671   0.208124   3.499862    -1.750948   0.199138   3.500053 
3.335657   0.042109   4.011859    3.331640   0.012652   3.716492 
2.959018   -1.805013   0.303660    2.662656   -1.813604   0.318047 
-4.062762   -3.594302   0.032951    -4.078364   -3.298287   0.028804 
-4.938848   -0.784764   0.737422    -4.988383   -0.692733   1.014020 
0.061696   3.320503   0.854935    -0.047720   3.046774   0.858307 
-5.177411   -1.768350   3.413609    -5.175754   -1.473839   3.424679 
0.596032   4.286269   0.807909    0.596902   4.238786   1.097521 
-4.805549   -1.226041   0.412222    -4.811578   -1.229622   0.119159 
0.363357   4.213741   3.101949    0.351054   4.234672   2.810386 
0.844219   -1.570423   0.765116    0.950174   -1.841013   0.764770 
1.719704   4.419573   3.487777    2.005835   4.372393   3.488308 
0.064616   4.141095   3.553856    -0.223941   4.143082   3.551355 
1.971616   4.273840   3.512571    1.683623   4.269155   3.519300 
-0.092364   3.062004   0.805204    -0.085665   3.077627   0.517599 
-1.871610   4.328991   1.797622    -1.932214   4.279217   1.520400 
-4.824581   1.784116   0.529418    -4.842903   1.783767   0.242495 
2.570612   -3.567065   0.033009    2.857380   -3.566746   0.016875 
1.341147   4.204562   3.025456    1.326321   4.184105   3.309788 
3.364220   -3.411849   3.727782    3.368504   -3.427218   4.012314 
1.095623   2.934654   0.535560    1.097846   2.931229   0.820445 
0.305226   -2.495589   4.052817    0.448818   -2.741245   4.053858 
-4.895972   3.486462   3.524091    -4.887784   3.203377   3.522743 
-4.764401   1.064869   0.920989    -4.788143   0.782808   0.928667 
-2.385060   3.850613   0.045600    -2.103035   3.864666   0.036100 
3.285526   -3.459831   3.671351    3.284777   -3.206361   3.549107 
-2.009599   4.251129   2.034819    -2.061253   4.254999   1.758736 
-1.126359   0.699002   0.925601    -1.136460   0.706755   1.206203 
-0.438254   0.743969   0.584260    -0.435333   0.747651   0.864931 
0.381367   0.102478   3.475506    0.100887   0.101975   3.476256 
-1.060768   0.232583   0.896445    -0.800402   0.141009   0.926345 
3.154403   3.957497   2.315322    3.155200   3.794452   2.092431 
-4.935876   -2.677525   0.250621    -4.930658   -2.953423   0.254277 
-3.806257   4.345123   3.952537    -4.081898   4.343469   3.961569 
-4.371042   2.854780   3.882773    -4.646572   2.861136   3.882349 
1.625403   4.139516   0.154019    1.895665   4.139336   0.103881 
0.985590   2.618778   0.829826    0.978242   2.607580   0.555950 
-1.960480   -3.170839   0.064613    -1.896716   -2.911862   0.122673 
-2.320586   -2.115472   0.122584    -2.147991   -2.316259   0.186155 
-5.021275   -0.026357   0.509723    -5.019590   -0.038198   0.781599 
2.456074   4.352408   2.081163    2.441738   4.348530   1.809900 
3.128126   2.876533   1.073105    3.125502   3.145891   1.100353 
0.770654   1.376474   -0.029146    1.040014   1.351621   -0.029722 
-0.347691   2.950030   3.813859    -0.617771   2.957018   3.819219 
0.282809   -2.505766   4.052981    0.024450   -2.427472   4.053554 
2.689523   -3.566930   0.023669    2.626604   -3.567230   0.285340 
-4.904944   -0.902005   3.996274    -4.903000   -0.922702   3.728724 
-1.643249   -3.178499   0.081652    -1.908886   -3.151714   0.071656 
-2.096965   4.024775   0.401752    -2.346725   3.964126   0.333306 
-4.797671   -2.621083   4.075384    -4.852442   -2.360859   4.073867 
-1.049576   0.853120   -0.019649    -0.812428   0.733642   -0.019365 
3.282792   -3.100995   3.631489    3.281459   -2.847178   3.555452 
1.403728   4.234118   3.341455    1.379514   4.247613   3.078539 
-3.680582   -3.338141   0.150394    -3.943535   -3.341562   0.156398 
-4.893471   -2.611448   3.755840    -4.895195   -2.622774   4.018119 
1.580894   2.821497   3.874199    1.319755   2.823073   3.874814 
0.577932   4.183484   1.840864    0.562157   4.201650   1.581100 
1.222497   1.398333   4.018693    0.965097   1.359486   4.020228 
-5.020826   0.430435   3.753675    -5.018119   0.434311   4.013946 
-4.001615   -3.339448   0.028532    -4.024366   -3.598165   0.032570 
-2.040795   3.976285   0.088085    -2.037921   4.056492   0.335111 
2.919981   1.837206   0.262958    2.931834   1.822577   0.003907 
0.948958   0.698767   4.028110    0.984615   0.441819   4.031000 
-5.013402   -0.851944   3.783615    -5.007711   -0.861597   4.042399 
-1.143720   0.641482   1.235494    -1.149724   0.672770   0.978970 
-5.011664   -0.013089   4.054170    -5.017324   -0.005733   3.796243 
-4.931720   1.311720   3.704117    -4.932558   1.293132   3.961480 
-1.036654   0.126658   0.967544    -0.779910   0.151609   0.964485 
-4.892225   1.794457   0.262902    -4.833472   1.785760   0.513781 
-5.047858   4.272349   4.011160    -5.047671   4.242887   3.755785 
2.528635   4.350406   1.815627    2.502820   4.353247   2.071372 
1.269519   1.419036   0.961141    1.173419   1.180919   0.966230 
-5.021429   1.231786   4.038725    -5.024131   1.235101   3.782093 
2.879049   1.505624   0.260385    2.881011   1.522215   0.004348 
-0.765540   0.152489   0.937680    -0.755512   0.158374   1.190764 
-0.012007   -2.527772   4.054384    -0.255021   -2.459138   4.054956 
-0.834629   0.727735   0.954703    -1.085128   0.703566   0.945914 
2.693965   -3.568596   1.906163    2.612721   -3.568892   2.142376 
3.225888   4.395041   3.958230    3.266613   4.395214   3.712102 
-1.947138   4.285551   0.607721    -1.984999   4.287534   0.362563 
-1.802406   -2.710082   0.323541    -1.799922   -2.675552   0.079441 
1.110217   4.160863   3.318114    1.113268   4.155472   3.071820 
3.293172   4.309171   3.965568    3.290528   4.342207   3.722901 
-4.910269   2.702453   1.100902    -4.874654   2.648148   1.336869 
-2.227939   2.846226   3.869520    -2.472275   2.856806   3.871833 
2.345807   -2.436743   4.043734    2.116718   -2.522097   4.045283 
0.112723   -1.638085   1.116563    0.091236   -1.698571   0.881025 
-3.831302   -2.471688   4.070265    -4.074365   -2.453659   4.071179 
2.323038   4.339850   1.338674    2.231187   4.340925   1.564322 
-2.446051   2.121949   0.511501    -2.490181   2.092096   0.274085 
2.138392   4.218144   3.482585    1.896450   4.218466   3.484816 
-0.767702   0.157655   1.214931    -1.008277   0.134209   1.214375 
-4.260388   -2.529241   4.072479    -4.501629   -2.521997   4.073457 
1.145078   -1.769410   0.762420    1.064877   -1.542450   0.762616 
-1.030540   0.132151   1.220094    -1.031284   0.127414   0.979554 
-3.750666   -3.334066   0.025600    -3.988594   -3.343635   0.028445 
-4.998512   -3.057264   1.078201    -4.997437   -3.291218   1.113216 
0.733257   0.243158   3.488407    0.498104   0.256832   3.493911 
1.136900   1.579433   -0.031849    1.101789   1.346734   -0.029860 
2.669537   -3.568902   2.221310    2.744994   -3.568624   1.998876 
-2.571125   4.189624   0.959568    -2.629773   4.254498   0.742470 
-4.240052   1.317838   0.913958    -4.226803   1.551346   0.913631 
-2.042846   4.258780   3.692206    -2.020285   4.255487   3.924315 
-4.036289   4.244583   0.186352    -3.803175   4.243907   0.180340 
1.358046   1.241688   -0.029748    1.128333   1.271571   -0.029328 
2.460741   2.894610   3.839172    2.232578   2.866217   3.853095 
0.433259   2.906620   3.851403    0.661549   2.916143   3.850153 
-1.605059   -2.932629   0.135461    -1.628049   -3.153908   0.087703 
-2.338654   3.930941   0.283132    -2.371227   3.859637   0.070675 
1.419409   2.915093   3.845021    1.644292   2.918380   3.843252 
0.887968   1.230736   0.966274    0.927983   1.450682   0.961751 
-4.585366   0.073917   3.710818    -4.567410   0.296158   3.711413 
-4.645096   0.306044   3.711765    -4.654581   0.083935   3.711135 
-2.721166   -1.644215   0.006592    -2.649519   -1.435498   0.003723 
-5.047369   2.843022   0.157073    -5.046094   2.854041   0.376695 
-3.071816   4.123790   3.578264    -3.291066   4.123601   3.574708 
0.409646   4.265022   3.916706    0.375815   4.262352   3.701110 
-5.129314   -1.527131   3.396914    -5.126205   -1.739152   3.447426 
3.170991   1.726087   0.422513    3.173018   1.521004   0.351094 
-4.944990   2.992769   3.961615    -4.944094   2.982199   3.745160 
3.156291   3.728170   2.158187    3.154289   3.732194   1.759299 
-5.014936   -2.548445   0.026983    -5.017258   -2.551390   0.242772 
0.866341   1.566112   0.160403    1.029966   1.524737   0.029802 
1.011392   1.068234   -0.027341    1.012555   1.281513   -0.029074 
-3.714516   4.248085   3.937357    -3.727707   4.251135   3.724622 
1.239400   1.292851   0.963762    1.137108   1.479627   0.960416 
0.393885   4.346686   -0.036718    0.444433   4.347130   0.169689 
-4.814981   -2.131195   3.400530    -4.807510   -2.175925   3.194008 
-0.834746   4.339598   0.351563    -0.821284   4.339822   0.561909 
-2.185753   -2.280374   0.116576    -2.319545   -2.120732   0.094945 
0.841790   2.273948   4.014734    1.050735   2.287277   4.013285 
-4.929808   -2.948895   0.401896    -4.933758   -2.739798   0.399829 
-4.703103   1.578639   0.916688    -4.725493   1.371334   0.917047 
-5.044253   3.020593   3.732780    -5.044355   3.026655   3.940102 
1.128404   1.128841   0.967430    0.936312   1.202540   0.966660 
-0.741075   4.001279   0.283911    -0.756784   3.989486   0.079836 
-1.452172   -2.504947   4.060361    -1.655146   -2.529038   4.061387 
-0.068887   3.121067   0.543287    0.004800   3.311230   0.549071 
-4.817752   -3.300715   3.688338    -4.815628   -3.504061   3.703127 
-0.112402   0.249791   3.490660    -0.315335   0.252515   3.492094 
1.041678   1.156897   0.967186    1.217264   1.253851   0.964619 
-0.743580   1.659622   4.023817    -0.543198   1.661067   4.022963 
-1.828714   -2.874670   0.134470    -1.633183   -2.917317   0.137019 
-4.828896   2.840984   3.155773    -4.831658   2.831486   3.353590 
0.870149   3.030389   0.514067    0.817759   2.903673   0.371149 
-4.136619   0.379101   4.053138    -4.281394   0.513082   4.052158 
3.233511   2.796566   3.485465    3.241486   2.600974   3.485535 
3.209797   0.082566   3.712844    3.242103   0.088933   3.904849 
-0.999422   4.338757   0.562410    -0.988826   4.338687   0.367925 
0.953770   -1.839774   0.764727    1.133696   -1.766632   0.762537 
-4.939405   1.745275   2.834594    -4.972152   1.769870   2.645081 
0.806690   2.873929   0.356874    0.762706   2.723914   0.470545 
2.844367   1.573384   -0.015931    2.854722   1.765215   -0.016245 
-0.644116   -3.609973   0.169360    -0.493805   -3.609496   0.049858 
0.353754   -3.097877   0.008338    0.266388   -3.267259   0.009964 
2.833567   1.780912   0.396965    2.822923   1.591540   0.405185 
3.154135   3.738687   1.743276    3.152190   3.923040   1.782325 
2.145381   4.381615   3.744661    2.162172   4.382066   3.932063 
-4.873561   2.448307   3.486908    -4.878293   2.420082   3.301290 
0.767768   2.732034   0.506436    0.707050   2.554330   0.505996 
2.563206   3.966939   1.719914    2.569391   4.152167   1.695779 
0.550967   4.347775   0.930195    0.401242   4.289205   0.839408 
-4.878152   3.956020   3.527588    -4.878759   4.139427   3.545442 
3.203342   -0.298712   -0.016441    3.231258   -0.478884   -0.017577 
2.571301   4.208564   1.493181    2.565256   4.027377   1.476096 
-2.556996   4.160701   1.964365    -2.545454   4.174299   1.783523 
-0.780453   -3.611636   0.040755    -0.670345   -3.610082   0.185274 
1.057322   -1.545440   0.762708    0.886443   -1.601896   0.764749 
3.122235   3.266995   0.580634    3.122925   3.147042   0.446721 
0.860876   1.317492   0.184008    0.902900   1.491418   0.198559 
-2.221717   4.179630   1.853783    -2.184705   4.176977   2.028929 
0.908945   1.328086   0.964260    1.008198   1.179135   0.966865 
1.110311   4.156568   2.352176    1.142448   4.180631   2.180939 
3.302558   -1.738771   -0.009658    3.304522   -1.892478   0.071102 
-3.385894   4.121136   0.596660    -3.558109   4.119731   0.588390 
1.101667   1.293407   -0.029428    1.052911   1.130865   -0.027969 
-4.988838   1.960035   0.595950    -4.967088   2.127188   0.615110 
-2.437215   2.773861   4.017714    -2.269647   2.752238   4.017270 
-0.492331   2.871555   3.857048    -0.660797   2.873955   3.860973 
3.148901   3.967508   1.765643    2.982012   3.964679   1.760843 
-3.310192   4.197465   2.870701    -3.263243   4.208196   3.029528 
2.006780   4.179584   1.208182    2.004384   4.014970   1.189100 
2.744012   2.898340   3.842691    2.905683   2.880190   3.839544 
1.159317   -1.824193   0.607117    1.321459   -1.810968   0.607936 
-5.199383   -1.658854   2.559248    -5.199637   -1.499041   2.577847 
-3.751611   2.862100   4.022162    -3.869033   2.752142   4.023953 
-1.427408   0.198240   3.499527    -1.587483   0.195041   3.505023 
3.062993   1.485001   0.399655    2.905187   1.492536   0.381440 
2.103828   4.361964   3.358053    2.125199   4.364465   3.513930 
1.798051   -0.167340   4.030798    1.649150   -0.116669   4.031091 
3.344919   -1.168517   3.860764    3.347176   -1.165922   4.017625 
2.910377   1.506326   -0.000327    3.066464   1.499577   -0.001496 
0.548751   4.329065   0.058262    0.546370   4.175620   0.076945 
3.304867   -1.926461   0.077335    3.305641   -1.884909   0.225142 
-1.217951   0.219274   -0.014024    -1.174277   0.365922   -0.015339 
-1.953774   4.285684   1.659115    -1.895694   4.320179   1.795139 
1.396970   -3.568332   0.052404    1.544263   -3.568207   0.087721 
-0.981070   0.779068   -0.011533    -0.964802   0.776134   0.137166 
-0.490673   3.997780   0.314735    -0.494644   4.003823   0.166772 
0.320739   4.278722   0.318624    0.334325   4.278685   0.172392 
2.361298   -2.588555   4.044689    2.507375   -2.583066   4.044031 
-3.893530   2.696842   4.024709    -3.749494   2.719970   4.023834 
0.819760   0.246888   3.486936    0.961846   0.263038   3.486697 
2.679360   4.359948   2.301836    2.648790   4.361157   2.441416 
2.920401   1.822344   -0.014494    3.060050   1.812522   -0.026609 
-4.930684   -2.948853   0.263766    -4.929981   -2.940758   0.398814 
-1.992789   4.263695   0.162419    -2.003026   4.263742   0.295562 
-4.687171   2.773697   3.845497    -4.553947   2.778984   3.843185 
2.124258   4.342311   1.837132    1.993856   4.339947   1.862803 
3.217571   4.182282   3.481775    3.214742   4.189655   3.610184 
-0.701420   2.828368   3.875460    -0.828308   2.832105   3.882684 
-2.786540   2.713432   4.019888    -2.663558   2.745247   4.018998 
-0.756963   0.324681   3.695693    -0.855598   0.244735   3.695862 
1.252266   -1.514970   0.607204    1.131081   -1.547711   0.606621 
-3.869508   2.764010   4.023814    -3.970864   2.836031   4.023386 
1.161403   2.895516   3.847514    1.275139   2.938100   3.845536 
-4.786622   -0.956314   3.449122    -4.788360   -0.953051   3.328638 
-3.697733   -3.340370   0.021108    -3.681902   -3.338341   0.138590 
-3.789385   4.243826   0.176856    -3.794996   4.245388   0.294886 
0.552177   4.222704   0.444874    0.554233   4.337306   0.451323 
-5.228474   -1.533930   1.982413    -5.227534   -1.647766   1.984683 
-0.786880   0.108158   3.695165    -0.687832   0.161618   3.694915 
-3.974254   2.833271   4.023433    -4.011062   2.727104   4.024842 
-4.033819   2.701089   4.025245    -3.924583   2.686639   4.024960 
2.842550   0.192274   3.434400    2.950618   0.184442   3.437371 
-2.142518   0.191268   3.444101    -2.142410   0.092966   3.485951 
-4.340489   -2.383270   4.071838    -4.440050   -2.345574   4.072008 
1.695061   4.268208   3.485133    1.705020   4.374068   3.486949 
-1.711214   0.195362   3.499273    -1.610505   0.201766   3.498704 
0.894442   3.112560   0.454950    0.874606   3.042191   0.520753 
1.069523   1.502637   4.023243    1.157794   1.464643   4.023191 
