-4.220883   4.961184   4.106140    -4.255306   -3.404489   4.100059 
-4.366955   -3.396612   3.569847    -4.333727   4.948944   3.609139 
-0.763980   -3.351985   4.086112    -0.644388   4.870304   4.091744 
-0.296019   4.818343   3.768941    -0.340892   -3.312806   3.758532 
-4.265698   4.673700   3.601365    -4.316437   -3.353948   3.567909 
-4.280525   -3.326630   3.770828    -4.229471   4.272438   3.780084 
-4.005265   -3.379703   3.571966    3.170647   -3.413148   3.558245 
-0.336064   -2.674508   4.089707    -0.280415   3.881704   4.090369 
3.452607   4.753589   3.573127    -4.059827   4.799761   3.596650 
-3.854683   4.795261   3.699616    0.978738   4.765035   3.701116 
-1.017340   -3.342890   2.429810    3.173545   -3.354971   2.401009 
-4.379994   -3.351055   3.750650    -4.333777   4.729777   3.761034 
-1.080629   -3.446928   2.463092    3.331445   -3.463536   2.448719 
-0.670004   0.582038   4.017274    -0.692956   -3.367020   3.970741 
-0.696414   -3.234510   3.750984    -0.655436   4.664766   3.772305 
3.608258   -3.489563   4.030301    -0.304739   -3.474920   4.076547 
3.465249   -3.386896   3.556816    3.502298   0.865104   3.555698 
-0.166689   -3.474117   3.764706    3.415764   -3.487783   3.783329 
3.502344   0.877788   3.558668    3.532600   4.368228   3.564998 
-4.235367   -3.453952   3.796187    -0.391593   -3.471105   3.763724 
3.509175   1.981997   3.686456    3.472961   -2.168465   3.689818 
3.683120   4.906666   3.590303    3.654766   4.913006   0.458667 
0.961014   0.008868   4.085322    0.944830   -3.455959   4.071828 
-0.774210   -3.472751   4.077369    -4.237081   -3.457061   4.084663 
-3.546565   4.963790   0.610872    -3.404411   4.959025   3.570146 
3.667295   1.913728   1.997649    3.647987   -0.584531   1.971292 
2.338780   4.570952   3.923076    2.284732   -2.985712   3.878529 
3.509813   2.913078   3.468463    3.573551   3.178423   0.990945 
-3.032013   4.468982   3.930336    -3.111675   -2.979221   3.924538 
-3.145694   -0.716093   3.905483    -3.083985   4.345625   3.912131 
-0.644762   -0.538485   3.526305    -0.600124   4.568123   3.531831 
2.027280   -3.065108   3.883089    2.072035   4.496103   3.915726 
2.125816   4.536537   3.884958    2.113498   1.587418   3.880914 
-3.350056   -2.022042   3.933656    -3.306542   2.611064   3.936019 
0.656305   4.798778   0.888615    0.745965   4.734376   3.315012 
-0.648618   -3.049321   3.519243    -0.635447   -0.632785   3.523013 
-0.371978   -0.203477   3.522857    -0.387993   -3.090376   3.519865 
-3.146984   -3.059410   3.914099    -3.140296   -0.716300   3.908885 
-0.438596   -0.521627   3.496204    -0.384109   4.261973   3.512540 
3.638839   -0.526501   3.579775    3.657176   1.830663   3.584643 
3.567809   -1.992026   1.141447    3.502487   -1.968696   3.368924 
-0.576568   -0.632535   3.497923    -0.594327   -3.106598   3.495885 
3.676330   3.737208   1.401395    3.681188   3.634891   3.574120 
3.675536   1.684480   3.773347    3.658239   -0.481783   3.798309 
3.488383   2.970246   1.312819    3.491059   2.872142   3.439199 
-0.077276   -3.291203   -0.003047    2.032376   -3.348050   -0.014991 
2.257142   2.219322   3.881137    2.268714   4.319746   3.884431 
0.568998   4.901632   3.621219    -1.503446   4.918854   3.627515 
3.658132   -0.460317   4.047566    3.675959   1.775510   4.044601 
2.241544   -0.513632   3.868281    2.255774   1.980818   3.881513 
-1.484289   4.957593   0.042700    0.547267   4.935257   0.045224 
-1.119589   1.599112   0.004060    0.720712   2.454265   -0.006134 
3.508820   2.232370   3.489852    3.530833   2.292885   0.893627 
-4.347320   1.451762   2.090310    -4.355370   -0.570036   2.084975 
2.114748   1.682074   3.879908    2.099799   -0.499511   3.871303 
3.506715   2.863667   0.854616    3.475556   2.878865   2.867826 
-3.255260   4.526942   0.042021    -1.271177   4.540556   0.034590 
-1.282876   4.722083   0.909921    -3.249592   4.709182   0.920147 
1.134758   1.642725   0.865395    -0.660828   0.841136   0.889204 
2.243914   -3.074434   3.871093    2.245617   -0.615769   3.869572 
-2.577709   4.782645   2.928049    -2.595646   4.830652   0.970426 
-0.726548   -3.281374   1.024668    -0.721425   -1.325375   0.995899 
3.536550   2.149238   1.173932    3.544595   2.209693   3.125586 
0.328834   4.481680   0.031292    2.275473   4.473693   0.013510 
-0.051708   -1.314746   0.094811    -0.091103   -3.246060   0.115117 
-3.310920   2.622567   3.939805    -3.288715   4.549697   3.943505 
3.570428   3.596062   1.550367    3.553960   3.534431   3.474379 
-3.162146   4.781763   1.260257    -3.142930   4.772576   3.459674 
-0.558159   1.956729   3.499244    -0.571553   -0.529137   3.496227 
0.733935   2.463242   0.854933    -1.012124   1.702856   0.898730 
0.885312   4.862388   0.872910    0.828183   4.793871   2.771781 
-0.546470   -1.434336   0.118570    -0.555160   -3.330914   0.165140 
-1.329163   4.947875   0.413648    0.553518   4.935185   0.399783 
-4.354921   -0.515131   1.037945    -4.347426   1.366851   1.039486 
3.517129   -1.527636   1.553584    3.434881   -1.555701   3.412648 
-3.254256   -2.964333   1.924817    -3.256577   -3.001277   0.072985 
2.585155   -0.098313   0.025254    2.547043   -0.077641   1.876906 
2.383453   -1.053517   1.915123    2.400557   -1.099081   0.068875 
3.541847   0.048409   1.885401    3.498648   0.017731   0.054626 
3.095841   2.042308   -0.019668    3.160702   3.860357   -0.019583 
3.377979   -1.150360   0.057538    3.408228   -1.094502   1.874814 
2.439680   -1.095152   1.883643    2.450910   -1.150834   0.070792 
-2.019200   4.805671   3.455828    -2.053097   4.835950   1.662998 
-1.038148   -1.331771   0.987990    -1.075231   -3.118712   0.972162 
-1.549741   4.807894   4.098233    -3.328162   4.822222   4.101702 
1.505238   4.763770   1.588064    1.472715   4.833257   3.358090 
2.178897   4.715434   0.854530    0.423162   4.726927   0.885498 
3.535312   1.858821   4.057231    3.554279   3.613664   4.056913 
3.509233   -0.514742   4.054665    3.477270   -2.269019   4.054645 
-4.333836   -2.983512   0.129351    -4.359488   -2.955438   1.882848 
-4.344899   -1.500476   2.338884    -4.350845   -1.497328   0.585604 
-0.860754   -1.477893   1.023013    -0.890927   -3.228648   1.058308 
3.217469   -3.416827   0.055352    3.224262   -3.342228   1.773318 
-4.358230   -1.392583   0.197614    -4.358583   -1.386700   1.906287 
3.555425   -0.548398   3.748852    3.548528   -2.256593   3.753399 
-3.257453   -3.357000   0.199891    -3.255457   -3.367284   1.894031 
0.242461   3.831293   1.240651    0.212071   4.684502   2.701797 
-4.333724   4.948308   3.584799    -4.333439   4.926811   1.904948 
3.536741   -0.607456   4.035041    3.531273   -2.286119   4.021500 
-1.587582   4.847433   3.769834    -3.259133   4.861437   3.792388 
3.512737   2.513619   0.829849    3.488482   2.517364   2.485125 
3.600780   3.535615   3.767300    3.584694   1.886496   3.751277 
3.502758   2.858995   1.783597    3.520123   2.838045   3.428237 
-0.801714   1.778826   0.780068    0.686406   2.459942   0.742372 
-0.360234   1.967376   3.525647    -0.369579   -0.203014   3.524674 
-3.103965   4.852680   3.471273    -3.138981   4.837552   0.899343 
3.543390   -2.050279   2.911612    3.518851   -2.108350   1.285998 
3.389679   1.937470   0.850878    3.475301   3.557643   0.850632 
0.676532   4.846589   3.763246    2.298823   4.835628   3.747786 
0.607026   4.845592   2.779242    0.581498   4.886616   0.913580 
3.592624   -1.036989   1.754247    3.493625   -1.058828   3.369372 
-3.237180   4.864862   4.023385    -1.619051   4.851738   4.029248 
3.499944   2.086045   1.755297    3.507963   2.148437   3.360816 
3.500233   3.127612   3.147397    3.447407   3.205996   1.557473 
3.416515   1.966885   1.799045    3.494884   1.945051   3.378326 
3.458733   3.553266   3.119292    3.542970   3.607234   1.272308 
3.633524   -2.213515   3.466241    3.630380   -2.293169   1.890794 
0.451749   4.829469   0.956130    0.595378   4.847685   2.524073 
-1.045135   -3.433585   0.833259    -1.040694   -3.444155   2.407520 
-2.965773   0.727132   1.121080    -3.426874   2.228534   1.126648 
-1.972229   4.846130   1.831439    -1.870514   4.793633   3.396558 
-3.013823   -0.887426   1.128152    -2.973691   0.679285   1.130925 
2.522797   4.920844   1.964754    2.546961   4.923647   0.399937 
2.348097   4.838527   3.998303    0.652914   4.850090   4.022924 
-1.879911   4.796924   1.045702    -1.816029   4.767900   2.604507 
2.044836   -3.319601   -0.015054    3.142041   -2.215922   -0.020985 
-0.722483   1.789451   0.241392    0.687976   2.418385   0.247404 
3.511973   -1.812707   3.199540    3.540812   -1.868970   1.321385 
2.016325   -3.347382   1.573392    2.019278   -3.339570   0.036590 
-4.330019   -2.630269   1.969869    -4.332226   -2.625913   0.446165 
3.476712   -1.156014   3.278958    3.567745   -1.132855   1.758327 
3.471056   4.914838   0.414156    3.455455   4.912041   1.933313 
3.449082   2.727324   2.640367    3.465242   2.739444   1.131170 
3.492198   2.032747   1.980045    3.542147   2.031761   3.478125 
-0.057534   -1.760369   -0.002779    -0.076087   -3.253963   -0.003044 
2.061635   4.283633   3.958167    2.052169   2.090144   3.900171 
3.547025   3.266422   2.462601    3.588198   3.498476   0.992787 
-2.580582   4.824980   0.938009    -2.437282   4.679668   3.351383 
3.579003   2.800939   0.898908    3.554034   2.831790   2.385232 
3.447112   3.205923   1.545215    3.494007   3.212335   3.460087 
3.658360   1.918334   3.500575    3.667066   1.902358   2.021220 
-2.353015   4.806613   0.963377    -2.300063   4.755974   2.438474 
0.586478   4.814266   4.083462    2.381050   4.788487   4.068359 
3.647941   -0.593990   1.966688    3.639250   -0.600708   3.414032 
-3.212974   4.829230   2.786638    -3.402147   4.810099   1.355123 
-0.554009   4.578355   3.511978    -0.543042   2.061914   3.495029 
1.993349   4.733963   1.527959    1.892320   4.730348   2.954730 
2.237976   -3.298944   0.011446    3.184005   -2.235186   0.012159 
3.575234   1.903414   4.004598    3.597973   3.597653   3.993998 
3.560107   4.651407   1.993463    3.550733   4.661961   0.468544 
1.214816   4.695673   2.666918    1.210174   4.756856   1.278067 
1.796213   4.816804   3.499200    1.754982   4.807824   1.099835 
-1.027329   -3.335799   1.042098    -1.027496   -3.342813   2.420406 
-1.006634   1.671432   0.512989    0.240538   2.217568   0.516022 
-3.079962   4.973849   3.586848    -1.726122   4.969838   3.583272 
-1.669449   4.753652   3.375620    -1.621956   4.766113   2.024076 
1.550275   4.763088   2.029227    1.549077   4.759341   3.378521 
3.601646   3.386819   1.977877    3.557426   3.382059   3.324808 
-4.356869   -1.056185   0.100557    -4.363000   -2.601381   -0.004637 
3.430477   1.861431   1.295310    3.441381   1.924586   2.625633 
3.455136   2.394861   3.337605    3.480979   2.325760   0.847984 
3.433292   -1.554505   3.425394    3.445401   -1.471605   2.101697 
1.400454   4.746426   3.314745    1.332018   4.753966   0.982843 
-3.921541   -3.378788   3.708228    -1.797218   -3.401914   3.707234 
3.476278   -1.289130   3.319684    3.473251   -1.262723   2.010667 
-2.171810   4.784861   1.396015    -2.106602   4.773106   3.041702 
3.406658   -2.151644   1.133700    3.499949   -2.064739   2.928090 
-0.117894   4.855139   0.370793    -1.409489   4.870645   0.364312 
3.542296   3.445489   3.016904    3.577808   3.466910   1.727279 
-3.284523   4.192426   4.101817    -3.292841   2.903967   4.100893 
2.134451   -1.465500   4.067161    2.116726   -2.741945   4.067096 
3.528662   3.108452   3.301756    3.530125   3.136702   2.044345 
0.765834   4.738520   2.120972    0.852516   4.830850   0.870282 
-3.080587   4.845446   1.825486    -3.025349   4.830841   3.316239 
3.534296   2.342193   1.759024    3.514155   2.342902   3.014794 
-0.662432   0.849448   0.813384    0.483694   1.361061   0.798541 
2.404229   4.918820   3.590096    3.659269   4.906897   3.587918 
2.328757   4.782809   1.051855    2.337072   4.769543   2.304845 
-3.483399   -3.269059   4.097068    -3.453294   -1.566454   4.098213 
0.884017   4.828893   2.097651    0.894984   4.797824   3.334243 
-4.289912   2.812757   0.022289    -4.300335   1.576080   0.022041 
2.073471   4.781084   3.468366    2.074370   4.719339   1.854934 
-1.339931   -1.323966   0.004581    -0.105581   -1.281499   -0.002388 
3.658437   4.923591   4.045207    2.430379   4.936764   4.066284 
1.871350   4.804156   2.132064    1.933862   4.829210   0.906863 
3.433745   2.565355   2.962539    3.514467   2.588477   0.885131 
3.615962   3.534824   0.949612    3.587875   3.526296   2.174462 
2.365625   4.833621   3.606409    3.589233   4.819745   3.604014 
3.211410   -2.164389   0.030136    3.217222   -3.379867   0.038374 
-3.360800   2.054432   0.610359    -2.965618   0.907276   0.613977 
-3.014764   2.179599   0.581394    -2.635218   1.041731   0.574879 
0.984957   0.203635   -0.008187    0.460452   1.280178   -0.004954 
3.664710   3.657200   3.602229    3.673385   4.854488   3.603900 
-2.672678   -3.026303   0.114418    -2.661056   -3.016269   1.310589 
-4.360675   -2.725848   1.497031    -4.360503   -2.758105   0.004881 
-0.202423   3.657824   1.057940    -0.450640   3.056737   0.055035 
-2.808870   4.770035   2.332199    -2.894992   4.797134   1.140329 
-3.012005   2.176585   0.014905    -2.653369   1.044298   0.012596 
2.103310   -0.621293   3.869994    2.099429   -1.807171   3.867911 
-0.461076   4.526021   3.556325    -0.457301   3.348519   3.549603 
-2.981165   -0.703672   0.600260    -2.950288   0.473291   0.597094 
3.498270   -1.445835   2.202795    3.503256   -1.493064   3.377418 
0.502855   3.093708   0.064431    0.244347   3.674007   1.050629 
3.691339   4.838712   4.053946    3.672807   3.673313   4.053908 
1.050149   4.718041   2.926537    1.049191   4.762820   1.162663 
2.341666   4.923344   1.562600    2.310949   4.921390   2.721602 
-2.581590   0.479888   0.012050    -2.601374   -0.673501   0.011876 
-2.634421   -0.713811   0.585300    -2.602208   0.432273   0.565091 
2.381647   4.935981   3.777155    3.520116   4.923867   3.779519 
-0.400335   3.189294   3.564444    -0.475888   2.056650   3.548651 
1.280583   4.781711   3.159634    1.275629   4.752935   2.034353 
-3.423796   4.879438   2.030236    -3.238363   4.847762   3.137238 
0.773203   1.409842   -0.006690    1.265012   0.402488   -0.009721 
3.512861   2.235068   2.113997    3.488740   2.217407   0.994982 
3.345457   1.889588   0.042629    3.497584   1.890187   1.151593 
3.520078   -0.640478   3.184519    3.456401   -0.634987   2.067773 
-3.394397   3.525106   4.101761    -3.376982   4.642625   4.102522 
3.565456   3.764511   0.892130    3.572268   3.760737   2.008948 
1.390363   4.795285   0.933263    1.386640   4.734959   2.047177 
-4.366756   -3.410553   2.417579    -4.366969   -3.402230   3.532624 
3.226752   -3.308001   2.410870    3.221434   -2.194669   2.404909 
3.451226   -0.876560   3.069425    3.466758   -0.863917   1.960462 
3.182672   -3.348974   1.217526    2.077130   -3.345757   1.219122 
3.216097   -2.160578   1.160955    3.211560   -2.172384   0.057099 
-4.359650   -1.626988   2.402478    -4.364018   -2.720134   2.470509 
-0.697396   -3.455722   3.569638    -0.706257   -3.448428   2.475611 
-0.490901   0.896787   0.741413    0.491748   1.374418   0.759447 
-4.371449   -2.954921   1.921721    -3.282004   -2.944871   1.919858 
3.570664   -1.134262   -0.023140    2.486527   -1.057324   -0.016991 
-2.472659   4.767785   0.928736    -1.391368   4.793127   0.920874 
-0.450780   -3.087275   3.494644    -0.443241   -2.006266   3.496384 
3.473461   -1.756766   3.422892    3.452414   -1.754156   1.993614 
0.762371   1.392915   0.335389    1.240779   0.432555   0.340265 
2.137823   -2.006425   3.909210    2.136320   -3.078115   3.908330 
2.581996   -3.407368   3.678167    1.510459   -3.402225   3.686027 
-4.363997   -2.722541   2.329031    -4.359780   -1.662797   2.344195 
-3.417450   0.351938   4.099495    -3.408472   1.409237   4.100245 
-0.767015   -3.406777   2.456337    -0.757435   -3.414234   3.502927 
-4.347242   1.411120   1.006229    -4.347464   1.413276   2.050834 
2.079494   -3.311094   0.065796    2.051215   -3.311674   1.109417 
-3.366463   2.016995   0.605222    -3.061653   1.022968   0.547896 
3.650499   -3.444179   4.030719    3.651978   -2.403165   4.043166 
2.312265   4.926492   0.083136    2.368894   4.923943   1.120377 
-4.355661   -0.640291   2.133119    -4.355467   -0.649256   1.094468 
3.546331   -0.800481   2.374852    3.492696   -0.837354   3.405964 
3.601120   -1.179077   0.835911    3.543258   -1.249426   2.603742 
0.939855   0.327283   0.354997    0.482016   1.243783   0.333918 
3.651302   -2.365246   3.794673    3.649854   -3.389448   3.784911 
1.398560   -3.401725   3.685394    0.378480   -3.397103   3.682154 
2.968451   -3.315127   1.074044    3.024350   -3.314671   0.060408 
3.573844   -2.145691   -0.023409    3.552656   -1.135647   -0.023039 
3.458497   3.646633   1.999496    3.516789   3.660837   0.993040 
-0.442891   -1.650063   3.496100    -0.432593   -0.645522   3.499039 
-2.434538   4.907069   1.751574    -2.411696   4.843324   3.363854 
1.158125   4.850490   2.723312    1.142074   4.836720   1.003475 
1.882073   4.728580   3.120476    1.865666   4.809338   2.131532 
-2.488940   -2.996211   1.293064    -2.503981   -3.006466   0.301303 
-3.281391   2.467337   3.998853    -3.275821   3.965326   4.012327 
-0.289835   3.885550   4.090457    -0.266324   4.873239   4.090417 
3.466720   -2.085776   0.646194    3.492865   -1.099502   0.644462 
-4.307455   -1.627771   2.250542    -4.326876   -2.609130   2.256378 
3.411018   -0.739493   2.498304    3.475014   -0.738794   3.469205 
3.466381   -2.088822   2.240352    3.422484   -2.161643   3.370374 
2.401277   -1.094679   0.065673    2.548218   -0.142916   0.047818 
3.685593   4.730660   2.037158    3.678165   3.769192   2.013907 
2.530373   -0.102738   1.887271    2.384236   -1.048772   1.911182 
0.971823   4.793327   0.990530    1.027011   4.728765   1.942140 
3.414026   -1.093841   1.896134    2.460606   -1.094749   1.896114 
1.985805   4.716617   3.401145    1.939753   4.717459   2.072669 
3.188409   -3.308396   0.019639    2.236332   -3.296638   0.011416 
-3.342699   -2.106495   0.015713    -3.825478   -2.926766   0.018239 
3.469914   -1.634313   3.298584    3.531376   -1.616228   2.356905 
-0.937365   -1.347819   0.009423    -1.033785   -1.323302   0.947551 
-2.869720   -3.017968   0.112976    -2.877381   -3.012507   1.055113 
3.489657   -0.076746   -0.022420    3.364895   0.855897   -0.021483 
2.593522   -0.228457   -0.017390    3.520447   -0.069718   -0.022592 
0.712101   2.428267   0.251367    -0.119125   2.022549   0.402438 
-2.417620   -2.998149   1.168396    -2.408673   -2.994119   0.233729 
-3.357197   4.917909   3.634331    -4.289757   4.960085   3.635266 
2.603358   -0.070393   1.885568    3.526993   0.046682   1.896470 
3.157220   -3.459033   0.125543    3.167949   -3.465242   1.053759 
-2.709493   4.898313   1.846665    -2.715112   4.815515   3.402563 
3.438026   -2.129371   1.895489    3.543167   -2.113573   0.982617 
-2.334214   -3.334072   0.009705    -1.421164   -3.250509   0.004563 
2.324315   -3.309444   1.085387    2.313164   -3.309904   0.174399 
3.491711   2.655914   2.580895    3.477690   2.625253   1.677317 
0.315960   1.254700   0.689981    -0.500665   0.897605   0.751208 
2.560724   4.755940   3.700099    1.668700   4.762492   3.695362 
-2.884399   4.839619   2.564279    -2.881503   4.850653   3.453297 
3.582613   -1.579942   1.699776    3.593966   -1.574159   0.817530 
-0.725235   0.756513   0.001621    -1.104506   1.550208   0.003963 
-3.370593   4.548964   1.781883    -4.203496   4.281011   1.731775 
2.128093   4.730545   3.259647    2.100727   4.726462   2.389229 
-1.588451   4.946215   1.844697    -1.631524   4.948577   0.976121 
-0.735486   0.837266   0.449917    -1.074769   1.637416   0.452075 
-1.274919   4.545310   0.057643    -1.265839   4.721686   0.907382 
3.566840   -0.754814   2.109699    3.529618   -0.743399   2.975602 
1.440088   4.738713   3.114837    1.449799   4.749386   2.249221 
1.026912   4.811170   3.157165    0.927303   4.871115   1.555039 
3.494707   0.017178   0.050685    2.637715   -0.091343   0.048240 
-3.272603   4.708418   0.917315    -3.273498   4.533024   0.072005 
-0.669505   0.851855   0.913435    -1.031546   1.632008   0.917252 
-2.438022   4.757456   3.447456    -2.458090   4.768774   2.588339 
3.415159   4.545511   -0.020853    2.557009   4.591902   -0.015988 
3.636617   -3.404262   3.560325    3.634569   -2.545163   3.579063 
-1.048886   1.632794   0.764715    -0.709969   0.845519   0.756779 
-0.917713   -1.283753   0.111037    -0.061166   -1.295668   0.094798 
-0.557383   -3.343182   0.176310    -0.724700   -3.313324   1.015451 
0.748668   2.432688   -0.006298    1.106673   1.655792   -0.008515 
-1.099093   1.592412   0.251871    -0.736025   0.819233   0.254452 
3.544180   0.955221   1.930198    3.550618   1.808495   1.964442 
3.549396   1.880428   1.708343    3.543367   1.850992   0.854958 
-0.893596   -1.294251   0.977627    -0.778378   -1.305443   0.134645 
3.430158   4.912157   1.997561    2.579806   4.920216   2.009306 
1.143150   1.612577   0.290367    0.817623   2.393642   0.289749 
2.213653   4.815068   3.455593    2.233807   4.791554   2.610030 
3.681964   4.796078   0.446910    3.683787   4.749271   1.286737 
3.518634   3.145802   1.227820    3.472706   3.159929   2.065072 
3.530127   2.540248   2.218844    3.541818   2.539408   3.056545 
-0.741574   -1.299784   0.155698    -0.831757   -1.285568   0.987024 
0.799342   2.419503   0.540218    1.121459   1.648068   0.551544 
0.813571   2.385654   0.444212    1.132547   1.619835   0.448949 
-0.558830   -1.309401   0.127955    -0.717148   -1.299527   0.941086 
1.113055   1.696977   0.092783    0.759772   2.445204   0.097243 
-2.648957   4.848021   3.319299    -2.695851   4.870699   2.493575 
3.571562   3.804635   1.990542    3.560352   4.631782   1.989934 
3.380781   1.900351   0.824460    3.091825   1.911561   0.050083 
0.803256   2.440706   0.718745    1.143432   1.689117   0.738033 
2.532363   4.762387   0.907420    3.356945   4.755199   0.923064 
3.703688   4.519217   3.770004    3.696416   3.700295   3.791224 
1.126658   1.641418   0.383911    0.811533   2.396542   0.391885 
-3.360693   4.829330   2.683427    -3.261210   4.797599   3.494599 
3.563543   0.854070   0.914107    3.555776   0.056079   0.737125 
3.503292   1.867779   2.160973    3.460927   1.865248   1.345302 
3.537523   -3.344470   3.583172    3.572480   -2.530715   3.594170 
3.381137   4.799989   1.958029    2.567243   4.817168   1.962382 
0.756287   2.423147   0.158797    1.092230   1.684415   0.153399 
2.314974   4.477817   0.028071    2.331337   4.700671   0.803925 
3.501668   -0.938286   2.102472    3.494904   -0.956344   2.907096 
-3.518725   4.042694   0.346929    -3.503903   4.065465   1.150900 
3.415510   3.154583   0.763506    3.263402   2.423493   0.473220 
2.547792   4.804656   0.966613    3.347833   4.787635   0.952016 
3.193308   3.911112   0.090530    3.471906   3.894712   0.837793 
-2.692344   4.804939   0.964957    -2.671399   4.776007   1.761156 
1.997038   4.722737   3.286812    2.012034   4.741896   2.247616 
2.126761   4.747891   1.486174    2.175607   4.785200   2.278606 
0.753811   2.443478   0.761406    1.087308   1.723820   0.765952 
-2.970149   0.719004   0.335637    -2.964126   0.721896   1.125500 
3.556036   -1.262995   2.465373    3.519495   -1.252223   3.250615 
-3.344246   4.968422   3.837080    -4.128513   4.983798   3.821921 
0.809965   2.394654   0.886789    1.124635   1.676851   0.883564 
-4.336792   4.043565   1.160804    -4.336521   4.068601   0.380580 
0.795017   4.973334   3.567318    1.574742   4.960212   3.561370 
-2.976362   -3.428415   1.235261    -2.927785   -3.423408   0.458690 
0.539196   4.935263   0.407926    0.499137   4.933681   1.184683 
2.536699   4.757107   0.834759    2.512598   4.607211   0.072272 
-0.630426   -3.040017   3.577855    -0.616234   -2.264668   3.569974 
-2.299411   4.754467   2.470594    -2.227826   4.860470   1.706563 
3.488623   1.874878   3.285622    3.436692   1.919025   2.526006 
1.417446   4.778501   0.938202    1.464501   4.717584   1.696796 
1.668693   4.863603   2.462377    1.674442   4.824442   3.222430 
3.454911   -1.316574   3.152020    3.453598   -1.395988   2.396176 
-4.162888   4.984466   4.105619    -3.404560   4.969599   4.077929 
-3.377232   4.788946   0.909957    -3.191754   4.730908   1.897476 
3.400454   4.562164   0.032118    3.400450   4.708635   0.772210 
-2.772479   -3.020341   0.093937    -2.756873   -3.032814   0.847533 
-3.508168   4.380920   0.075004    -3.542712   3.630061   0.031473 
-2.240113   4.850488   1.707865    -2.325260   4.829161   0.960437 
0.318312   4.695930   0.777058    0.316043   4.488620   0.055386 
3.477569   -2.161239   0.220786    3.511559   -2.239593   0.966076 
3.604495   -1.180831   0.640825    3.594292   -1.930605   0.641820 
2.532394   4.818010   1.970701    2.525271   4.808457   1.222999 
-3.434303   2.252838   1.130805    -3.433239   2.228134   0.385228 
-0.462480   0.772924   0.007713    0.215813   1.080110   0.012287 
-1.115191   -3.096111   0.002871    -1.001528   -2.360365   0.002411 
2.664075   4.797353   1.415271    3.394658   4.791546   1.276771 
3.507246   1.820275   0.780498    3.513420   1.102896   0.589335 
0.500069   4.941010   3.802274    -0.241286   4.948407   3.805413 
3.378898   1.879469   0.705888    3.149703   1.883932   0.007588 
1.650106   4.737954   1.629795    1.665697   4.801413   0.899444 
3.561630   0.066015   0.774217    3.442449   0.066289   0.052108 
-0.538753   0.874957   0.722668    -0.497480   0.755999   0.001849 
2.217176   -3.312324   1.141313    2.948123   -3.315082   1.122698 
3.597008   2.786966   2.748205    3.540969   2.747870   3.470069 
3.515327   1.022425   0.649361    3.511992   1.736303   0.745381 
-0.745622   0.960955   0.824718    -1.038632   1.617990   0.844229 
0.526606   4.814567   1.956572    0.563450   4.812376   2.674107 
-0.254464   4.902226   4.090313    0.462570   4.927300   4.083711 
-3.505295   4.129502   0.901815    -3.516303   4.157910   0.185898 
3.589123   -1.070312   2.579272    3.478296   -1.154326   3.279006 
-1.074538   -3.142954   0.028024    -1.084531   -3.319815   0.719073 
3.366701   4.757577   0.890876    2.655953   4.766053   0.847425 
-3.634292   -2.840300   2.240390    -4.346174   -2.839915   2.222987 
-1.346780   -3.427075   0.045367    -1.350288   -3.431787   0.750404 
-0.006871   0.935081   -0.002397    -0.691297   0.767534   0.001432 
0.818103   2.313592   0.230824    1.102720   1.670472   0.260434 
-1.258089   4.666452   0.162058    -1.256312   4.782825   0.853913 
3.486969   3.040880   3.493387    3.508585   3.024414   2.622948 
-4.402797   -3.430096   2.352473    -3.704616   -3.432562   2.296353 
-1.348539   -3.317775   0.744516    -1.338942   -3.144367   0.066985 
3.512087   2.446848   2.941316    3.500396   2.431748   2.248583 
3.614162   -1.685831   1.012667    3.499790   -1.780002   1.689478 
3.635108   -3.396848   2.856370    3.636587   -3.404739   3.545465 
2.093596   0.758870   3.946072    2.098913   1.446177   3.950605 
3.517242   1.103289   0.544840    3.515053   1.774816   0.681940 
3.530948   3.438342   0.899589    3.447229   3.228442   1.539481 
-0.552133   -3.392522   3.693474    -1.227668   -3.390680   3.643684 
-3.016004   -0.938906   0.444494    -3.013803   -0.886183   1.118076 
-0.396497   1.917627   0.372485    -1.010550   1.655557   0.371798 
3.425559   4.786156   0.964062    3.399529   4.799697   1.965339 
-2.621250   0.993126   0.012402    -3.275473   0.873731   0.016072 
3.543469   1.857794   0.862699    3.537650   1.218089   0.691413 
-0.131400   2.030272   0.344204    -0.734478   1.780525   0.257114 
-4.235087   -1.630920   0.020877    -4.238074   -2.284974   0.020732 
3.630431   -2.353733   1.845521    3.631806   -2.353309   2.494744 
-2.291157   4.806012   3.478469    -2.301562   4.777498   2.830380 
0.913936   4.779681   3.514546    0.962607   4.792646   2.868027 
-4.086429   4.317224   1.277572    -3.471445   4.514981   1.286391 
1.264466   4.752359   1.218026    1.340250   4.714559   1.857005 
-2.001131   -3.315447   0.025500    -1.358762   -3.333813   0.033872 
1.960814   4.806350   0.883739    2.033638   4.677600   1.826387 
3.631837   -2.365837   2.495310    3.633348   -3.004279   2.475705 
-4.222815   4.027409   1.231417    -4.164274   4.027085   0.599096 
-4.363854   -2.693582   2.206076    -4.366334   -3.307937   2.353339 
-0.545328   -0.373990   3.525494    -0.403929   0.237724   3.560935 
-0.031896   2.091068   0.427375    0.548034   2.332289   0.429390 
-3.301120   -0.606754   4.098316    -3.360472   -1.451299   4.097926 
1.590779   4.816340   3.090730    1.673927   4.864083   2.471130 
-3.787881   4.965421   1.048190    -3.777543   4.966069   0.422539 
1.162673   4.816200   0.921652    1.202952   4.735530   1.539203 
3.551574   -1.623432   3.871254    3.547645   -2.246278   3.867640 
-0.964575   -3.295881   0.043512    -1.026239   -2.679957   0.023080 
-4.336586   4.051178   0.363053    -4.339045   3.433059   0.349947 
3.537866   0.066296   1.952299    3.542451   0.682565   1.967490 
0.222973   1.083560   0.013422    0.166510   1.173801   0.619739 
-1.988367   -2.580310   4.083826    -1.981773   -1.967355   4.092234 
3.459912   -1.770115   1.410970    3.524644   -1.695208   0.807330 
-3.408477   2.081074   4.100744    -3.356180   3.208640   4.101373 
3.446325   3.211644   1.550633    3.529598   3.285943   0.953454 
-0.643135   4.909533   4.091769    -1.507404   4.973552   4.095278 
-1.658453   4.942933   3.419573    -1.640694   4.944257   2.813949 
-2.428477   -3.426606   0.632533    -2.399975   -3.422671   0.028118 
-1.924663   4.799162   1.523789    -1.981369   4.834302   0.923567 
3.218776   -2.153450   1.813151    3.221600   -2.754615   1.805064 
-1.766133   4.809443   2.857192    -1.764309   4.803311   3.455817 
3.482004   -2.150331   1.536159    3.488584   -2.747039   1.549057 
3.410736   4.803838   1.309726    2.831105   4.815987   1.441478 
3.499734   -0.589970   2.648768    3.430155   -0.544179   2.064865 
-1.029273   1.455698   0.081765    -0.726055   0.801448   0.058411 
-3.066327   -3.428753   1.340204    -3.040664   -3.424916   0.752205 
3.487794   -2.759248   1.457320    3.481447   -2.171686   1.457733 
-2.040889   -3.423961   0.002347    -2.009998   -3.428008   0.587374 
0.943268   4.859424   1.542323    0.944632   4.868844   0.957655 
0.961910   4.792829   2.857986    0.989387   4.782053   3.440916 
3.419702   -2.064577   -0.002384    3.422240   -2.100577   0.578312 
0.607807   4.929918   2.454601    0.556401   4.928884   3.033963 
2.256393   4.775172   2.319790    2.236744   4.745510   1.741691 
-0.516442   1.400331   3.538935    -0.522043   0.826194   3.538473 
3.492994   -2.723996   1.785586    3.480531   -2.150181   1.775895 
3.479037   -0.556867   2.916215    3.448980   -0.541035   2.343820 
3.218989   -2.748352   1.184523    3.216238   -2.176472   1.176717 
0.635185   4.866534   2.113541    0.647674   4.857836   1.542914 
-4.235620   -2.843580   1.941567    -3.666613   -2.843902   1.954361 
-3.602338   4.009943   1.140875    -4.164031   4.025939   1.135715 
-3.708312   4.963821   1.802502    -3.712443   4.964518   1.244057 
3.495565   0.078095   0.493430    3.522052   0.625626   0.599887 
-2.566513   -1.356446   0.609041    -2.571655   -1.352466   0.052501 
-2.003537   -3.385583   0.597621    -2.001568   -3.317874   0.045373 
-0.205082   4.818322   3.038993    -0.203441   4.553421   2.550322 
3.495500   -2.192652   2.062042    3.450756   -2.135166   2.612379 
3.221598   -2.762658   1.795369    3.219283   -2.760173   1.241652 
-3.354609   4.798346   1.088706    -3.346935   4.790230   0.540377 
-2.561828   -0.982459   0.043040    -2.556131   -0.962603   0.590745 
-2.634415   1.040198   0.583284    -2.654319   1.043170   0.037565 
-3.745272   2.779972   0.019201    -4.290635   2.799359   0.022290 
-2.710371   4.881204   1.728956    -2.763508   4.873031   1.190229 
-3.325668   0.038428   4.098894    -3.345940   -0.500795   4.098575 
0.419760   1.283967   -0.004723    0.006881   0.936855   -0.002474 
-2.719479   4.874030   1.836424    -2.716682   4.857471   2.375002 
-4.304413   1.546308   0.022057    -3.888785   1.888869   0.019792 
-2.645513   -0.748264   0.014223    -2.635544   -0.731219   0.549827 
3.425803   4.020527   -0.021043    3.403897   4.555774   -0.020786 
0.587222   1.415907   0.724673    1.073672   1.636730   0.687467 
2.241236   -1.273242   4.066212    2.278422   -0.448751   4.066017 
-0.952915   -1.921843   0.158557    -0.972192   -2.448433   0.074539 
0.519631   4.910276   0.139581    -0.012273   4.909392   0.164055 
-3.322556   -1.607414   4.097658    -3.337987   -2.434930   4.097105 
3.221248   -2.184458   2.371737    3.218928   -2.159406   1.842792 
2.337278   4.920887   2.851830    2.279434   4.920426   3.373292 
2.573796   -3.316666   0.609698    2.571531   -3.321609   1.130811 
3.633233   -3.013169   2.411576    3.634868   -3.316921   2.834584 
3.571215   2.603870   1.378599    3.535574   2.545816   0.864998 
1.273835   4.739450   1.902665    1.235579   4.719808   2.416088 
-3.502626   4.081015   1.184530    -3.481127   4.588650   1.105859 
2.296870   3.467634   4.066549    2.313372   3.980777   4.066489 
3.427547   -1.444284   0.081104    3.432993   -1.442895   0.594373 
3.641086   -1.369524   0.757472    3.530311   -1.437073   1.253961 
-0.805535   -1.886006   1.005941    -0.784090   -2.397199   1.019827 
0.842634   4.810433   2.976409    0.796600   4.766792   3.483623 
3.472737   -1.672439   0.600865    3.453291   -1.629013   0.092933 
-3.029287   2.166950   0.040490    -3.017867   2.185556   0.549222 
3.556055   4.492526   0.689836    3.555923   3.985310   0.695089 
1.321045   4.743184   3.350823    1.353492   4.746556   2.846269 
-0.576914   -1.463643   3.550757    -0.579495   -0.962405   3.555936 
3.489405   -2.733632   1.645192    3.483991   -2.236689   1.641109 
-3.105407   0.845302   0.015103    -2.636071   0.684153   0.012409 
-3.541884   3.534807   0.329507    -3.519692   4.029934   0.324057 
-3.590591   3.318771   0.624369    -4.082853   3.324160   0.625916 
2.131204   -0.558539   4.067354    2.142598   -1.050428   4.067161 
0.676824   4.927975   3.074086    0.610070   4.927266   3.560666 
-2.631285   0.481130   0.058167    -2.599604   0.490254   0.547803 
3.428914   -1.756349   0.587003    3.424234   -1.744589   0.098250 
3.508103   4.004843   0.369127    3.517115   4.487464   0.438897 
-3.628683   -2.895220   1.945250    -3.636306   -3.379749   1.993944 
3.396819   1.339485   -0.017092    3.387742   1.825470   0.007032 
3.499884   2.939132   1.347352    3.508506   3.052969   0.874381 
-3.351089   2.071272   0.520052    -3.355588   2.057544   0.035988 
-3.687810   3.359924   0.948947    -3.724625   2.877071   0.947476 
3.447753   0.919109   0.465618    3.309177   0.931653   0.002322 
0.537638   4.931418   2.024765    0.626122   4.929691   2.498035 
3.466236   -1.169184   0.590227    3.452439   -1.169282   0.111821 
2.406615   -3.098636   4.064361    2.427980   -2.296782   4.064308 
-4.093256   4.025337   0.470181    -3.624041   4.012162   0.386367 
-1.720362   -3.342399   0.183392    -2.011276   -3.380352   0.556693 
-4.297629   2.888034   0.950368    -4.289094   3.362385   0.951653 
-3.048000   -3.183128   0.013779    -2.577567   -3.127565   0.011133 
2.448824   -1.150717   0.074662    3.387199   -1.150087   0.066128 
-3.166168   3.870207   4.101103    -3.180420   4.336765   4.101507 
-3.281643   -1.814982   0.015440    -2.820260   -1.744437   0.012848 
-3.480898   4.569277   1.169994    -3.488150   4.585221   0.705624 
-4.225772   4.273833   1.726681    -4.145257   4.298284   1.269707 
3.480387   -2.176174   1.347451    3.485265   -2.639450   1.334474 
-4.349918   1.977841   0.102789    -4.354685   1.514896   0.098082 
-3.633454   -3.381460   2.243850    -3.625784   -2.920224   2.233418 
-3.385443   2.840727   0.944058    -3.387591   3.301235   0.945822 
-3.519015   3.411440   0.018078    -4.255916   3.412348   0.022246 
1.659826   4.863182   2.528536    1.663053   4.862422   1.804130 
0.707124   2.430766   0.618408    0.288373   2.249729   0.644005 
-3.581794   4.243294   0.698900    -3.578331   4.252410   0.244916 
3.460753   -1.782207   1.397071    3.496086   -1.839524   0.951368 
-0.993240   1.681425   0.665491    -1.063027   1.605220   0.030207 
-3.383955   4.543173   1.306115    -3.359277   4.552520   1.755743 
3.495432   2.104065   1.863799    3.453566   2.013040   1.425201 
3.340734   -2.199390   1.788421    3.356617   -2.203710   1.341085 
-0.982671   -2.087832   0.292662    -1.025869   -2.003386   0.728358 
-3.995561   3.333203   0.947303    -4.014819   2.888663   0.946263 
3.467172   -2.929995   3.651172    3.462917   -3.374239   3.668924 
2.485801   -1.024209   -0.016978    2.657011   -0.295151   -0.017766 
3.584167   2.452520   3.894867    3.589241   2.895789   3.896305 
-1.767119   4.817878   1.089783    -1.773046   4.819196   1.531404 
0.974838   -3.324089   0.139504    0.537211   -3.310332   0.195601 
2.000438   -3.069064   4.068109    2.407481   -3.235365   4.064329 
3.470281   1.344406   0.428840    3.399473   1.346183   0.000083 
3.508099   0.491983   0.677084    3.493774   0.086486   0.525333 
-2.429392   -2.926583   0.010345    -2.346959   -3.351141   0.009773 
3.494683   0.472538   0.465779    3.515529   0.903148   0.497493 
-3.242381   -3.430244   1.669723    -3.359042   -3.426980   1.253512 
3.501833   2.066089   1.096450    3.422799   1.993776   1.511226 
1.304936   4.839063   0.901877    1.248285   4.765384   1.320021 
3.533070   0.530577   0.752991    3.529783   0.103957   0.725908 
-2.963691   0.901907   0.591005    -2.987609   0.909262   0.166051 
3.294389   -2.236982   1.481956    3.314364   -2.661221   1.481279 
2.407926   -3.321464   0.499315    2.419374   -3.316100   0.920006 
0.690484   1.415328   0.127269    1.040019   1.588530   -0.025379 
3.444031   1.349227   0.460662    3.447145   0.932013   0.463810 
0.772194   -0.880776   4.079818    0.360423   -0.936400   4.083602 
0.501172   -3.335487   0.104661    0.914403   -3.336484   0.063647 
3.510080   2.614632   2.742586    3.506607   2.618724   3.155769 
-3.255531   -3.402007   1.916144    -3.254326   -2.992513   1.934397 
3.523767   2.167661   1.350892    3.495116   2.208393   0.944633 
1.118106   1.603331   0.679339    0.749071   1.440877   0.615760 
2.153678   3.878543   4.011229    2.137440   4.278541   3.931917 
-4.358727   -1.421178   1.936443    -4.358962   -1.502097   1.537054 
3.026806   4.785229   1.147219    2.640986   4.785926   1.019000 
3.408479   0.934100   -0.012440    3.474674   0.934092   0.388656 
-4.287544   1.143557   3.610789    -4.283599   1.541309   3.686521 
0.199562   3.064955   0.022763    0.202982   3.257127   0.378905 
3.478093   2.055130   1.075650    3.404423   1.916145   1.447607 
3.559324   3.980943   0.363447    3.562122   3.954231   0.765889 
0.588542   1.074323   0.359750    0.594019   1.041615   0.761697 
-2.954919   -3.423140   0.435147    -2.560661   -3.425200   0.502988 
0.250804   2.224108   0.125305    0.612655   2.392181   0.116883 
3.477015   1.885516   2.793199    3.496304   1.867214   2.395266 
-4.042476   2.872618   0.220087    -3.644233   2.875161   0.216550 
-0.332382   -3.464484   4.088597    -0.337977   -3.067733   4.090240 
-3.198274   4.763327   1.291278    -3.141560   4.829602   0.905070 
-0.701506   -1.374897   0.405000    -0.751283   -1.321401   0.792805 
1.125678   1.612225   -0.008633    0.772997   1.435369   -0.006683 
-4.358875   -1.398019   3.023345    -4.358885   -1.378777   3.416012 
-2.603428   -0.946971   0.603430    -2.993891   -0.938117   0.614754 
3.413381   -2.205487   1.314727    3.470360   -2.203704   1.698828 
-0.525946   -0.257666   3.534394    -0.515420   0.129537   3.537676 
2.346203   4.865457   -0.014728    2.299042   4.481190   -0.014557 
-4.359164   -1.445664   3.474513    -4.359115   -1.454714   3.088098 
-4.344241   2.109841   0.016196    -4.344437   2.081856   0.400376 
2.144904   -3.321204   0.696143    2.156271   -3.311898   1.080791 
0.760123   1.348347   0.384413    0.781225   1.362082   0.767297 
-0.975501   -1.853554   0.002389    -1.349827   -1.773764   0.004526 
3.422080   -1.342156   0.186562    3.433173   -1.349975   0.568809 
1.100388   4.839232   3.035092    1.056456   4.784048   3.409468 
-3.784530   3.207045   0.019529    -3.775321   2.827189   0.019383 
-1.367125   -1.736294   0.004633    -1.331821   -1.359192   0.004527 
3.546748   3.311621   3.123281    3.540698   3.273125   3.499445 
-2.556357   -0.983053   0.624846    -2.566500   -1.358761   0.617007 
-4.274048   3.078609   3.684323    -4.270555   3.448044   3.745790 
-2.667785   -3.051844   0.011662    -3.040351   -3.073110   0.013763 
-0.477958   -0.993184   3.538706    -0.483250   -0.622163   3.536474 
-0.079823   -3.272717   0.115171    -0.450411   -3.287370   0.122397 
-3.624204   2.904313   0.621969    -3.603695   3.273681   0.624137 
0.319610   4.565764   -0.003342    0.617518   4.784210   -0.004973 
2.097788   1.592121   3.950094    2.096686   1.961095   3.959862 
-3.327748   1.529745   4.100011    -3.327047   1.162105   4.099735 
3.485288   -0.667851   3.353309    3.529072   -0.629444   2.991727 
3.408852   -0.676712   1.990839    3.406203   -0.701341   2.354969 
3.306787   0.951145   -0.005333    3.304924   1.313546   -0.005250 
3.524750   3.536263   3.486156    3.463852   3.552550   3.129315 
-4.346693   1.498651   0.097716    -4.346911   1.463980   0.456912 
2.297895   1.025602   4.066102    2.277853   1.385006   4.066351 
-4.133697   4.968024   1.450647    -4.126352   4.967535   1.809421 
3.586221   -1.685058   3.539201    3.557629   -1.327399   3.541031 
-3.693238   3.326252   0.218360    -4.050661   3.348983   0.221611 
3.538341   1.113284   0.904632    3.534518   0.613326   0.877170 
-2.680506   -0.795431   0.012293    -2.488572   -1.094535   0.011134 
-0.362476   0.894147   -0.005985    -0.461241   0.904733   0.334498 
-0.908424   4.929924   0.003692    -0.849188   4.580293   0.003271 
3.467595   -1.390168   3.255755    3.448355   -1.352218   2.904955 
-3.372436   2.089256   0.016922    -3.026462   2.154537   0.014981 
-1.359362   -3.431994   0.786794    -1.008850   -3.433514   0.800583 
1.123184   1.586304   0.552425    0.802384   1.448920   0.526071 
3.518216   3.351030   3.359585    3.543955   3.323407   3.014750 
-0.668516   0.826081   0.381444    -0.680721   0.769544   0.040656 
-4.351784   0.263431   0.872537    -4.351963   0.199606   0.534030 
0.970058   0.256534   0.000221    0.978666   0.249205   0.343416 
-0.464515   0.378473   3.537617    -0.490008   0.720489   3.539624 
-3.256583   -3.004602   0.075971    -3.257615   -3.343664   0.032172 
3.295679   -2.311842   1.315375    3.283940   -2.653497   1.313754 
3.507517   -1.387197   1.678711    3.502970   -1.358981   1.339092 
-3.307477   -0.760760   3.984018    -3.316042   -1.100884   3.984632 
-2.633226   1.010180   0.582190    -2.955581   0.904415   0.594977 
-0.011672   -3.395264   3.683735    -0.348721   -3.393846   3.678400 
-3.725139   2.860105   0.947417    -3.390370   2.857843   0.944171 
-4.339456   3.344422   0.612758    -4.340783   3.010198   0.594773 
1.203805   4.808600   2.795324    1.157483   4.865895   2.113692 
-3.033851   2.165191   0.598102    -3.346968   2.055658   0.609890 
-2.231677   4.839214   2.709955    -2.215023   4.816223   3.038156 
-3.190043   -2.972559   0.014635    -3.019212   -2.690994   0.013739 
0.853653   4.827094   1.873592    0.923059   4.848777   1.558386 
0.803049   1.437596   0.308281    1.099789   1.561918   0.280891 
1.249063   0.365274   0.012446    1.255374   0.372167   0.334179 
-2.833096   1.577231   0.022254    -2.824022   1.583425   0.343746 
3.557062   -3.467910   2.979110    3.562906   -3.472138   3.612870 
-2.705571   0.489998   0.354459    -2.711393   0.483522   0.035402 
-2.160759   4.768410   3.419845    -2.169360   4.789633   3.101706 
-2.970707   0.489853   0.596843    -2.653682   0.457304   0.600082 
-4.051186   3.320651   0.221529    -4.072455   3.003890   0.220754 
-2.665029   -0.688621   0.603350    -2.981369   -0.714241   0.600289 
-3.420264   -0.203504   4.099093    -3.452115   0.111360   4.099455 
0.475793   1.256622   0.346834    0.459690   1.279847   0.034225 
0.741593   4.788606   1.195722    0.750161   4.873248   0.896149 
0.182550   4.707576   2.921248    0.201826   4.594828   2.632492 
-2.935177   -1.315248   0.632147    -2.632996   -1.377888   0.628029 
3.535799   -1.877716   1.283770    3.515343   -1.921037   0.980238 
0.199561   1.207658   0.508116    0.483078   1.322510   0.489680 
0.509239   1.339180   0.547303    0.226388   1.224845   0.568107 
-2.566700   -1.253082   0.630011    -2.871785   -1.236935   0.633188 
3.706557   4.866188   3.819450    3.704143   4.566654   3.759401 
0.866645   1.170731   0.680356    0.848917   1.147872   0.376251 
2.513013   4.595645   -0.015739    2.527168   4.900674   -0.015743 
1.271743   0.364499   -0.009769    1.010627   0.207835   -0.008331 
-4.180614   1.076668   0.807978    -4.306925   1.349142   0.851690 
3.685020   4.767957   1.706652    3.685475   4.725787   2.006206 
-4.364341   -2.832024   1.911583    -4.364070   -2.747903   2.202006 
-4.356830   -1.030979   0.381842    -4.356772   -1.032892   0.080185 
-3.451754   -0.497610   4.099001    -3.438918   -0.197391   4.099173 
0.750980   1.404010   0.017359    0.755213   1.406611   0.317138 
-0.713444   -3.336465   0.993038    -1.010678   -3.335776   1.028174 
1.282661   -3.320057   4.080715    0.985997   -3.294046   4.082767 
-1.352985   -3.334981   0.042120    -1.386915   -3.370088   0.335702 
-4.225896   4.940917   3.802976    -4.238175   4.937662   4.098257 
-0.667315   0.723916   4.066488    -0.675645   0.716545   3.771358 
3.595521   -1.204904   1.116178    3.623204   -1.142262   0.829131 
-3.853438   2.083271   0.019640    -3.610033   1.919032   0.018223 
-2.369621   -3.422778   0.025635    -2.077888   -3.424068   0.040818 
3.455515   0.466022   0.155857    3.467623   0.194616   0.059461 
-3.379675   3.331252   0.945859    -3.666737   3.339786   0.948667 
-3.624864   -2.866424   2.234438    -3.628069   -2.860928   1.948322 
3.528467   3.067419   2.351127    3.500644   3.032296   2.068705 
-4.350506   0.581201   0.817490    -4.351619   0.305338   0.883574 
2.534383   4.814374   1.219378    2.813485   4.811849   1.267072 
-4.152033   4.984260   3.783197    -4.170544   4.984617   4.064867 
0.995707   0.250568   0.365520    1.245141   0.381836   0.362333 
-3.352776   -2.942097   4.096787    -3.076250   -2.995189   4.095640 
-4.341423   2.839996   0.423825    -4.341324   2.849304   0.142686 
2.586963   4.923886   0.080616    2.307875   4.926598   0.049879 
-3.955248   3.495555   0.020566    -4.231764   3.536130   0.022140 
2.037604   -3.311628   1.117543    2.104797   -3.311704   0.846321 
-4.253874   -3.456737   4.061741    -4.230840   -3.453840   3.783925 
2.406614   4.937041   4.071626    2.382941   4.936047   3.794980 
-4.348589   1.043723   0.478238    -4.348439   1.096380   0.750680 
-3.586907   1.904459   0.018089    -3.396241   2.104121   0.017060 
-3.260833   -2.970720   0.306767    -3.533559   -2.973912   0.265367 
-0.359635   4.535663   3.528352    -0.338969   4.260890   3.536304 
-4.307390   3.366793   0.951931    -4.034294   3.356175   0.947934 
-3.636949   -3.396204   1.962222    -3.633858   -3.398981   2.234462 
0.448884   1.316523   0.264142    0.204104   1.203295   0.271621 
-1.596985   4.851754   4.041788    -1.594373   4.847526   3.772244 
3.245038   3.438764   0.290261    3.152658   3.346880   0.054517 
-3.447129   -1.569864   4.098185    -3.482439   -1.047322   4.098715 
-1.453475   -3.372620   0.370975    -1.665657   -3.346872   0.207814 
-4.358750   -1.401745   2.389609    -4.358713   -1.377582   2.656640 
0.639102   4.850074   4.014614    0.660627   4.846495   3.747779 
-3.194712   2.756336   4.100390    -3.176406   3.023270   4.100515 
-1.348810   -3.075840   0.004197    -1.082855   -3.098935   0.002687 
-3.098076   3.050086   4.100221    -3.128898   2.787254   4.100149 
-4.017865   3.154834   0.624693    -3.866992   2.938209   0.622921 
2.809271   4.791772   1.196772    2.546684   4.802859   1.182035 
3.465166   1.962407   1.237176    3.485697   2.011245   0.980322 
-0.055105   -1.254891   -0.002667    -0.046794   -1.516699   -0.002779 
-2.942196   -2.744862   0.013290    -3.074124   -2.968139   0.013980 
0.866044   1.158149   0.355513    0.660259   1.000405   0.358733 
-4.028992   2.872876   0.946422    -4.287502   2.889743   0.950226 
-1.142363   -1.416062   1.042501    -1.141127   -1.418821   1.299710 
-0.929548   1.243601   0.175570    -0.819148   1.013373   0.145494 
-3.285756   4.861246   3.766223    -3.309007   4.865418   4.021439 
3.684442   4.795354   1.403054    3.684572   4.728762   1.649832 
0.820082   1.085370   0.383227    0.834525   1.081432   0.637655 
-1.087076   -3.330819   0.762312    -1.340702   -3.325064   0.771955 
0.184415   1.190872   0.209702    0.415466   1.294039   0.197013 
-1.250709   -1.370283   0.027559    -0.943962   -1.667243   0.029635 
-3.010046   -0.713400   0.588988    -3.011228   -0.747201   0.338830 
2.161887   -2.844164   4.066662    2.050059   -3.069433   4.067651 
1.129370   1.574316   0.278248    1.118622   1.583128   0.529104 
2.333513   4.835389   3.747100    2.352313   4.838461   3.995291 
3.657968   -0.516789   3.791476    3.657875   -0.493783   4.038581 
0.527982   1.190247   0.684696    0.502211   1.258890   0.448144 
-3.622407   -2.977981   0.064219    -3.867748   -2.980580   0.043891 
0.685837   1.012307   0.654573    0.683154   1.021251   0.409907 
-2.890235   -0.941161   0.261146    -2.860827   -0.942305   0.018972 
2.545532   4.805575   1.033725    2.769596   4.802110   1.129977 
-3.869872   2.896882   0.622680    -3.628603   2.881540   0.621845 
3.307178   1.331616   0.002605    3.376165   1.348813   0.233653 
3.584927   1.885994   3.738737    3.580273   1.879028   3.980070 
3.649846   -3.417339   3.795574    3.650483   -3.459899   4.032993 
-0.527407   -2.110265   3.536667    -0.531856   -2.350905   3.532441 
-0.676934   0.619833   3.757241    -0.670273   0.634081   3.997049 
0.567186   4.939243   4.063139    0.546905   4.940450   3.824139 
-4.267069   4.488776   3.590087    -4.262806   4.657828   3.756166 
-0.352018   4.507669   3.746836    -0.584982   4.472266   3.744305 
0.613757   4.820695   3.130251    0.624272   4.814997   3.365487 
2.162329   0.742444   3.915791    2.170810   0.976838   3.916634 
2.147445   -1.270754   3.909124    2.136037   -1.504334   3.911532 
-3.375776   1.151747   4.099922    -3.144631   1.120337   4.098973 
3.696127   3.668829   3.794617    3.695184   3.657668   4.027426 
-3.789691   -0.467520   0.739988    -3.871724   -0.437561   0.955873 
3.665961   4.922393   3.797046    3.672741   4.923369   4.029766 
-0.776490   -3.469347   3.763307    -0.783520   -3.471825   3.995567 
-2.645295   4.148957   0.013320    -2.430056   4.234341   0.012124 
-2.626659   -0.076507   0.000864    -2.624066   -0.125084   0.225209 
-4.351864   0.223279   0.512300    -4.352774   -0.004283   0.529566 
0.545794   -1.853062   4.081729    0.763842   -1.786030   4.079732 
2.193003   1.817786   4.067210    2.201275   1.590153   4.067093 
-0.665021   0.701578   3.740708    -0.442268   0.744666   3.743135 
3.509154   3.077854   0.850496    3.506630   2.851867   0.851651 
3.558239   -0.597763   4.000630    3.555675   -0.570401   3.777202 
2.973529   -3.352596   2.049139    2.981921   -3.351476   1.824282 
3.676056   1.784399   4.021263    3.676403   1.796555   3.796987 
-2.862985   -0.942277   0.008386    -2.677065   -0.946240   0.130902 
0.755664   2.423588   0.294294    0.751542   2.441156   0.515206 
3.225093   -3.339041   1.976682    3.224098   -3.118753   1.989273 
-3.508019   4.376585   0.246074    -3.517857   4.357758   0.465609 
0.904108   1.547786   0.801003    1.104757   1.636922   0.802025 
-3.891745   -0.309466   0.981213    -3.814779   -0.333641   0.777773 
3.210364   -3.355164   2.417814    3.140991   -3.353908   2.210978 
-2.776881   4.393982   0.014125    -2.578708   4.306181   0.012983 
-3.313085   2.646926   0.016724    -3.425264   2.831154   0.017404 
-3.041316   0.950560   0.330490    -2.978033   0.744588   0.332701 
3.224122   -3.119400   1.994266    3.225021   -3.121928   2.207358 
3.224379   -3.336495   1.808016    3.223382   -3.123842   1.811362 
3.047838   4.721882   0.711779    2.837357   4.730141   0.740085 
-3.050161   0.985590   0.549233    -3.039598   0.945288   0.341727 
0.502057   -3.338785   0.752241    0.463513   -3.337618   0.544933 
-4.354056   -0.311169   0.798769    -4.354831   -0.509671   0.729719 
-2.572365   -1.372381   0.033813    -2.566861   -1.164879   0.027752 
0.827765   -0.491290   4.079375    0.844704   -0.697842   4.079182 
-1.017406   1.699823   0.890507    -1.033634   1.674823   0.686413 
-3.385772   2.869839   0.017191    -3.252719   2.713046   0.016399 
-4.065274   3.164939   0.624900    -3.912909   3.301494   0.625256 
-0.849459   1.146585   0.562973    -0.770150   0.960319   0.543632 
-4.363048   -2.610619   0.049617    -4.363112   -2.615460   0.251016 
3.469187   1.938653   3.199729    3.489461   1.897495   3.395825 
0.681864   2.418324   0.027955    0.716643   2.448002   0.223847 
2.405907   -2.104819   4.064546    2.392230   -1.905353   4.064707 
-0.558780   4.598726   3.744679    -0.359310   4.586957   3.746816 
-4.338032   0.908662   1.576108    -4.338927   0.887099   1.377997 
-4.292617   -3.197340   4.083228    -4.292582   -3.393752   4.050363 
1.723872   4.761358   3.181643    1.725806   4.762916   3.380634 
-0.467699   0.907384   0.369730    -0.651237   0.834917   0.392615 
-3.847829   3.276475   0.624905    -3.985972   3.134452   0.624472 
-0.469569   0.591254   3.742730    -0.656415   0.654526   3.740767 
3.652000   -2.362990   4.032004    3.651451   -2.348835   3.837785 
-3.565592   -2.974210   0.265269    -3.590586   -2.977527   0.074153 
-3.515751   4.361285   0.494937    -3.518662   4.354886   0.685293 
3.541624   1.608914   0.857563    3.542985   1.798548   0.854835 
-2.625142   -0.167107   0.231903    -2.628640   -0.172472   0.043006 
3.533387   2.295270   3.473944    3.544739   2.309561   3.288615 
0.496296   1.273245   0.421049    0.570861   1.112785   0.365003 
0.957192   0.270312   4.078319    0.947662   0.086005   4.078374 
3.225227   -3.131111   2.246412    3.226225   -3.312637   2.278960 
-3.744018   2.851504   0.019212    -3.567612   2.903021   0.018227 
-4.353629   -0.200249   0.868587    -4.354022   -0.307088   0.719367 
-4.338262   0.952839   1.411585    -4.337632   0.949849   1.592593 
0.773915   1.369645   0.681732    0.849118   1.205751   0.667733 
-0.651537   4.876801   3.872488    -0.646392   4.902599   4.050919 
0.780358   1.366122   0.780884    0.855207   1.207579   0.819194 
-0.148181   3.015433   0.060529    -0.151187   3.101248   0.218066 
-3.526025   2.834186   0.017975    -3.702262   2.806926   0.018965 
3.226428   3.632216   0.231914    3.243324   3.463124   0.284553 
-3.310521   -1.793090   4.097472    -3.209308   -1.647804   4.097175 
-4.339139   3.416148   0.469337    -4.339301   3.384917   0.641718 
0.595614   1.036343   0.796209    0.523561   1.194065   0.798569 
2.225368   3.975043   4.067299    2.110447   4.102764   4.068380 
3.496647   2.403660   2.472937    3.470015   2.376918   2.311201 
-4.348548   1.072305   0.806758    -4.349208   0.907623   0.826555 
0.841403   1.084443   0.641360    0.691990   1.015896   0.636373 
-2.496832   -2.937682   0.010723    -2.473388   -2.775279   0.010631 
2.304973   4.098158   4.066587    2.210102   3.967540   4.067438 
-0.686752   -3.167483   0.824888    -0.668013   -3.040825   0.730703 
0.940382   1.502676   0.437148    0.795414   1.440237   0.418574 
-3.168408   4.800000   0.947745    -3.322582   4.792515   0.910343 
3.646911   4.913164   0.415449    3.488266   4.914675   0.413969 
-0.903373   -3.432271   4.086611    -0.906355   -3.273832   4.086740 
3.472360   -2.181156   3.712334    3.472717   -2.320751   3.640167 
-2.738387   4.327576   0.013891    -2.820503   4.193600   0.014322 
-3.866424   -2.980615   0.040909    -3.859165   -2.978016   0.197772 
3.538530   3.177929   3.505745    3.505251   3.025345   3.493296 
0.360419   1.249068   0.394527    0.501647   1.309206   0.420726 
1.257112   -1.346390   4.082630    1.152247   -1.233337   4.084729 
2.395320   4.925581   0.145770    2.547703   4.924087   0.169132 
2.383143   4.919338   3.426159    2.386771   4.919013   3.576055 
1.769341   4.832656   0.866753    1.915610   4.839239   0.893201 
2.364714   4.166955   4.066049    2.293445   4.297383   4.066729 
-3.517838   4.356310   0.689988    -3.589996   4.228918   0.682101 
0.234358   1.212954   0.180581    0.187065   1.184484   0.045000 
2.351526   4.925740   0.278269    2.388841   4.925657   0.138372 
-4.340919   2.978374   0.636460    -4.340933   2.966982   0.494758 
-3.709682   4.855670   0.019515    -3.571425   4.823115   0.018725 
3.533326   4.421075   3.552801    3.530158   4.406484   3.692383 
-4.364227   -2.774026   2.443573    -4.364138   -2.759334   2.304304 
-2.794254   4.809950   0.920949    -2.933644   4.807556   0.911847 
-4.339819   3.242928   0.427350    -4.339269   3.381319   0.429515 
2.239932   4.170210   4.067199    2.113574   4.224168   4.068373 
-0.860103   -0.572417   0.002054    -0.995741   -0.593270   0.002816 
3.533606   0.610718   0.746223    3.533934   0.544855   0.864632 
2.567446   4.923481   0.385307    2.432513   4.924760   0.387123 
3.465032   -3.203477   4.054590    3.558025   -3.106426   4.053751 
3.522163   2.565956   0.853849    3.487277   2.692287   0.832171 
1.606197   4.765636   3.580608    1.581932   4.762767   3.710327 
3.458881   -2.194956   2.626549    3.461740   -2.163426   2.499333 
-1.508753   4.912140   4.095238    -1.531358   4.783081   4.095233 
0.187238   4.517215   2.608368    0.200496   4.488171   2.481990 
3.226292   -3.335320   2.269020    3.226802   -3.329522   2.398292 
-3.585780   4.920483   0.018830    -3.713832   4.936144   0.019558 
-3.811748   -0.331216   0.768996    -3.799661   -0.459094   0.765142 
-4.363820   -2.805431   0.031986    -4.364332   -2.933481   0.041646 
-4.353997   -0.302461   0.691521    -4.354138   -0.330872   0.815102 
2.504404   4.808819   1.217080    2.572574   4.806005   1.110741 
-4.353132   -0.080789   0.771565    -4.353543   -0.179623   0.849310 
2.287777   2.426509   4.066446    2.280424   2.551718   4.066536 
-0.688702   -2.642413   0.833846    -0.665364   -2.609531   0.716737 
-4.341611   2.786307   0.303951    -4.341648   2.770078   0.181646 
1.665286   4.762205   3.708657    1.639858   4.765174   3.589953 
-4.364860   -2.962135   1.916363    -4.364377   -2.840772   1.916399 
2.286617   -3.033215   4.065478    2.303401   -2.914171   4.065345 
2.260577   4.205307   4.067015    2.263287   4.086557   4.066969 
3.534361   0.592325   0.876563    3.533547   0.591435   0.758043 
-3.192724   3.354038   4.100826    -3.120179   3.445735   4.100604 
0.535017   -3.347969   4.077647    0.533921   -3.232083   4.078120 
2.260548   3.262575   4.066847    2.253367   3.147898   4.066892 
0.863253   1.189577   0.817205    0.866768   1.164680   0.707888 
-3.092208   3.373583   4.100438    -3.146377   3.275864   4.100582 
2.375087   4.488768   4.066011    2.312828   4.580442   4.066601 
0.988411   2.006200   0.655969    1.031593   1.905547   0.643293 
2.066703   3.924809   4.068752    2.172930   3.917352   4.067771 
3.550160   4.695269   0.448318    3.551393   4.592632   0.422365 
-0.429670   0.712327   3.743247    -0.445055   0.607711   3.743006 
2.238348   3.903814   4.067166    2.253789   3.799422   4.067005 
2.057239   3.890028   4.068832    2.079590   3.788778   4.068608 
3.550161   4.651631   0.350888    3.551518   4.549220   0.345767 
2.194870   2.547099   4.067324    2.197093   2.445268   4.067285 
1.341709   4.714755   1.848115    1.243981   4.727398   1.851882 
1.086611   -0.661733   4.082133    1.165483   -0.716793   4.081695 
